[1741873179.819886] [AOA] Measurement: 0,1741873179.790314,78:9a:18:7c:fa:69,2,1,2,0,128,412,321,58,65,21,974,329,778,414,921,231,845,289,838,565,181,481,41,257,955,173,946,740,933,362,925,290,952,665,637,280,138,112,94,100,121,82,92,31,76,91,66,97,85,118,87,121,84,56,58,56,56,77,55,89,55,94,56,60,37,70,57,78,87
[1741873179.887774] [AOA] Measurement: 0,1741873179.858890,78:9a:18:7c:fa:69,2,1,2,0,128,351,263,96,82,44,985,835,588,423,938,240,888,320,874,538,118,534,36,247,965,243,919,901,65,868,47,236,936,653,613,390,316,109,92,98,119,79,88,28,73,88,64,92,83,116,87,114,81,50,58,54,54,72,49,80,48,91,50,56,30,68,53,70,83
[1741873179.959130] [AOA] Measurement: 0,1741873179.929709,78:9a:18:7c:fa:69,2,1,2,0,128,339,233,59,88,36,996,423,817,397,935,237,848,268,798,583,153,563,55,283,974,172,925,282,826,875,74,262,925,642,616,39,935,107,90,99,117,78,86,28,74,88,61,94,81,117,83,111,84,50,58,52,52,72,50,82,47,90,50,54,30,66,53,68,83
[1741873180.031160] [AOA] Measurement: 0,1741873180.002758,78:9a:18:7c:fa:69,2,1,2,0,128,444,313,107,88,1023,945,400,811,475,990,814,41,323,850,90,333,545,79,775,102,694,74,840,991,945,140,803,103,659,669,545,279,112,94,97,118,78,90,29,76,84,63,91,83,117,84,110,82,52,57,54,54,75,52,82,49,90,50,54,30,65,52,68,79
[1741873180.099105] [AOA] Measurement: 0,1741873180.069023,78:9a:18:7c:fa:69,2,1,2,0,128,386,309,80,115,53,975,380,761,397,898,251,859,244,793,515,139,568,69,216,972,149,865,771,914,436,919,255,946,708,672,1004,765,113,94,99,122,82,93,32,77,85,65,92,82,120,86,117,84,56,60,56,59,78,54,89,55,91,56,58,35,70,57,75,86
[1741873180.165104] [AOA] Measurement: 0,1741873180.138897,78:9a:18:7c:fa:69,2,1,2,0,128,401,280,95,113,17,971,873,627,989,102,774,5,334,853,542,128,543,78,189,938,198,901,286,808,318,901,251,957,701,675,440,316,111,95,99,122,80,92,29,79,87,65,91,84,121,86,117,83,55,58,56,58,77,55,88,53,93,56,56,35,69,57,73,85
[1741873180.239448] [AOA] Measurement: 0,1741873180.210074,78:9a:18:7c:fa:69,2,1,2,0,128,389,263,14,62,51,999,382,793,384,919,222,852,328,860,577,155,479,38,257,936,255,955,787,988,929,60,237,905,683,651,320,161,106,86,95,118,74,85,25,71,79,57,88,72,111,79,103,77,45,55,49,48,67,46,72,43,84,43,48,26,60,48,59,74
[1741873180.317877] [AOA] Measurement: 0,1741873180.288889,78:9a:18:7c:fa:69,2,1,2,0,128,342,232,41,67,510,788,875,597,414,939,219,857,226,821,468,96,512,43,244,935,169,887,796,944,408,934,236,920,685,624,845,730,110,91,97,119,79,91,30,77,84,64,92,85,118,84,114,82,52,57,53,55,76,52,85,51,91,55,56,35,66,56,71,84
[1741873180.388705] [AOA] Measurement: 0,1741873180.359048,78:9a:18:7c:fa:69,2,1,2,0,128,409,269,488,903,995,896,899,609,425,940,832,54,850,1020,582,200,493,57,259,962,175,918,274,781,367,952,281,943,201,869,924,775,96,82,89,109,74,82,25,69,80,56,87,73,109,79,105,78,46,51,47,47,64,44,73,44,82,47,50,27,57,50,63,75
[1741873180.466756] [AOA] Measurement: 0,1741873180.438832,78:9a:18:7c:fa:69,2,1,2,0,128,370,266,64,56,46,999,355,789,978,71,245,863,302,845,523,137,508,31,208,942,176,887,840,994,426,953,230,949,582,639,534,521,105,90,96,117,81,91,26,77,90,61,95,80,118,87,114,83,51,56,52,50,72,49,80,48,90,52,57,29,65,52,70,82
[1741873180.547669] [AOA] Measurement: 0,1741873180.516565,78:9a:18:7c:fa:69,2,1,2,0,128,380,282,19,71,48,997,875,640,974,93,219,854,254,829,548,156,35,236,237,948,738,79,257,807,429,971,889,146,161,830,995,774,99,82,92,110,73,83,25,70,86,60,90,74,115,84,109,80,46,52,49,45,66,43,72,42,83,49,53,26,61,48,62,78
[1741873180.615597] [AOA] Measurement: 0,1741873180.588999,78:9a:18:7c:fa:69,2,1,2,0,128,392,274,573,947,21,999,883,638,462,952,817,78,838,3,90,371,535,87,256,1005,209,945,288,807,8,193,765,117,255,887,69,953,93,80,89,105,67,77,23,65,82,55,86,68,108,79,102,73,43,50,45,46,63,41,70,40,81,42,48,24,57,42,55,72
[1741873180.689499] [AOA] Measurement: 0,1741873180.660242,78:9a:18:7c:fa:69,2,1,2,0,128,429,309,51,113,1,981,372,786,963,93,264,897,302,818,609,199,543,79,876,170,184,916,347,877,907,103,268,957,273,900,625,414,95,81,92,104,62,72,19,63,81,51,84,65,105,73,95,68,45,51,46,47,62,40,71,37,79,41,46,22,54,43,51,69
[1741873180.757526] [AOA] Measurement: 0,1741873180.728866,78:9a:18:7c:fa:69,2,1,2,0,128,435,270,61,91,503,819,862,625,374,917,258,866,320,844,558,136,586,92,251,996,773,85,881,14,330,950,176,938,683,635,630,470,100,86,94,111,66,79,24,68,79,54,85,73,110,76,101,71,53,56,54,55,70,46,84,45,82,47,48,28,59,46,58,75
[1741873180.828305] [AOA] Measurement: 0,1741873180.799066,78:9a:18:7c:fa:69,2,1,2,0,128,425,282,52,111,75,2,360,779,423,956,730,17,327,818,550,148,528,39,240,968,187,912,822,981,963,136,267,994,655,674,850,702,102,89,96,110,69,79,22,70,80,50,82,69,108,72,100,69,51,58,53,56,73,44,84,43,77,44,44,28,57,44,54,74
[1741873180.895303] [AOA] Measurement: 0,1741873180.868995,78:9a:18:7c:fa:69,2,1,2,0,128,365,230,38,46,513,788,885,630,395,939,248,851,308,860,546,115,570,87,822,168,189,934,824,989,956,125,271,1006,774,722,440,134,108,91,100,119,69,78,23,69,80,53,82,74,110,76,100,69,58,60,55,60,77,49,91,48,78,44,44,29,58,48,55,76
[1741873180.968512] [AOA] Measurement: 0,1741873180.938876,78:9a:18:7c:fa:69,2,1,2,0,128,434,300,67,80,112,6,428,826,1005,129,772,54,318,829,514,163,498,57,245,967,190,903,295,814,363,937,766,119,225,895,879,642,111,91,100,118,68,78,25,69,77,54,78,76,107,74,100,68,59,61,55,60,78,50,91,49,77,44,41,31,59,50,56,77
[1741873181.047624] [AOA] Measurement: 0,1741873181.018913,78:9a:18:7c:fa:69,2,1,2,0,128,898,48,514,895,520,814,812,536,391,944,251,886,297,832,577,185,552,68,738,92,702,114,779,986,479,1010,774,157,259,876,599,407,110,91,99,117,69,76,25,68,75,53,74,74,103,74,95,66,57,62,53,61,80,50,92,49,79,42,40,34,58,50,56,77
[1741873181.120816] [AOA] Measurement: 0,1741873181.089024,78:9a:18:7c:fa:69,2,1,2,0,128,406,243,534,894,464,756,919,617,387,920,240,860,285,848,538,139,519,32,218,957,176,916,319,848,948,131,845,165,218,882,685,457,125,102,111,134,78,87,31,79,84,62,86,88,119,82,109,73,63,67,60,67,90,58,103,57,89,52,47,40,70,57,67,89
[1741873181.185129] [AOA] Measurement: 0,1741873181.158869,78:9a:18:7c:fa:69,2,1,2,0,128,369,234,66,86,488,794,866,634,359,913,282,910,320,869,559,150,500,4,230,951,823,163,798,998,912,120,260,983,766,714,169,999,110,88,94,116,66,77,26,68,75,55,75,81,105,75,97,67,58,58,50,58,76,49,91,51,82,44,42,35,63,51,60,78
[1741873181.266942] [AOA] Measurement: 0,1741873181.231591,78:9a:18:7c:fa:69,2,1,2,0,128,368,214,517,932,5,962,870,571,998,142,231,859,323,879,88,387,43,228,218,962,740,53,787,999,426,994,932,214,179,862,376,132,94,76,86,101,61,67,26,59,69,50,71,71,96,66,86,60,48,51,43,50,69,46,76,44,75,38,39,30,55,45,52,70
[1741873181.337758] [AOA] Measurement: 0,1741873181.308893,78:9a:18:7c:fa:69,2,1,2,0,128,427,306,79,67,84,1006,358,798,916,92,818,81,806,10,542,172,537,75,191,919,167,904,283,823,903,102,344,1001,243,900,57,823,111,91,98,114,72,80,28,69,79,59,83,82,109,78,103,71,58,58,50,58,77,51,89,51,87,48,46,37,65,53,66,82
[1741873181.408452] [AOA] Measurement: 0,1741873181.379084,78:9a:18:7c:fa:69,2,1,2,0,128,416,277,51,78,80,1019,316,750,471,970,800,52,316,851,501,109,491,13,197,942,237,919,881,16,358,899,272,976,654,677,802,707,110,89,99,117,69,78,29,68,78,58,81,80,107,77,100,71,56,57,49,54,76,50,87,51,86,46,46,35,63,53,65,82
[1741873181.488423] [AOA] Measurement: 0,1741873181.458870,78:9a:18:7c:fa:69,2,1,2,0,128,443,278,40,67,1021,943,342,761,406,939,242,851,301,836,513,114,517,41,268,965,142,894,240,771,477,1015,298,986,697,697,222,1005,106,85,94,114,68,74,25,64,79,55,80,78,103,72,91,67,50,54,43,48,69,46,77,43,81,41,41,28,55,47,51,72
[1741873181.559707] [AOA] Measurement: 0,1741873181.530150,78:9a:18:7c:fa:69,2,1,2,0,128,421,222,92,91,69,1008,372,826,475,980,820,27,235,818,531,130,494,43,202,950,125,887,166,724,356,929,247,947,734,737,28,865,119,94,105,125,74,82,29,72,88,62,88,86,114,84,104,75,56,59,48,54,78,51,90,49,96,47,48,34,66,55,62,86
[1741873181.626873] [AOA] Measurement: 0,1741873181.598879,78:9a:18:7c:fa:69,2,1,2,0,128,374,256,57,66,33,990,351,784,441,939,251,875,255,793,573,171,517,39,249,972,182,938,261,809,518,34,227,952,677,697,818,694,109,88,95,113,69,79,28,68,80,58,83,81,107,79,97,71,56,56,46,53,75,51,87,49,87,49,47,35,62,53,60,81
[1741873181.698743] [AOA] Measurement: 0,1741873181.669044,78:9a:18:7c:fa:69,2,1,2,0,128,363,236,1012,36,458,764,928,650,381,923,241,870,305,851,129,391,92,273,780,128,180,913,816,989,419,979,783,86,698,696,799,600,108,84,94,112,68,76,26,68,78,54,80,78,104,76,94,69,52,54,44,52,72,48,83,47,83,42,44,30,60,51,59,77
[1741873181.771979] [AOA] Measurement: 0,1741873181.743598,78:9a:18:7c:fa:69,2,1,2,0,128,429,301,38,52,551,826,887,607,428,944,265,863,273,811,567,200,511,35,201,908,177,897,242,798,455,1003,798,82,734,710,100,870,109,88,99,118,69,77,27,69,80,58,86,82,109,78,98,70,53,58,48,55,74,48,84,48,84,44,46,31,60,51,57,80
[1741873181.849502] [AOA] Measurement: 0,1741873181.820094,78:9a:18:7c:fa:69,2,1,2,0,128,401,244,32,53,35,997,859,590,424,966,277,910,221,798,527,150,510,50,219,973,208,895,288,822,380,951,268,951,755,694,916,791,109,88,99,117,67,77,25,68,77,53,79,78,105,79,93,68,51,57,46,54,69,45,84,44,80,40,41,30,55,47,53,75
[1741873181.918363] [AOA] Measurement: 0,1741873181.888912,78:9a:18:7c:fa:69,2,1,2,0,128,364,233,40,50,477,785,842,591,400,928,310,920,278,843,596,196,526,64,246,962,130,899,264,833,916,120,809,146,201,875,293,90,109,93,98,118,70,80,26,71,81,57,81,80,107,78,100,70,55,58,51,58,76,50,91,50,83,46,46,35,62,51,62,80
[1741873181.989862] [AOA] Measurement: 0,1741873181.960066,78:9a:18:7c:fa:69,2,1,2,0,128,365,231,506,911,571,813,852,579,411,943,237,875,330,856,559,138,495,1004,200,932,132,897,270,789,476,1009,240,977,750,741,258,66,94,79,86,101,59,68,22,59,67,47,70,67,93,63,83,59,47,49,44,49,64,42,76,39,72,37,38,27,51,42,49,70
[1741873182.055022] [AOA] Measurement: 0,1741873182.028920,78:9a:18:7c:fa:69,2,1,2,0,128,449,318,22,64,43,975,380,771,451,954,269,876,272,812,535,164,527,73,207,993,772,123,769,984,951,141,805,155,756,720,24,813,110,94,102,120,72,80,28,69,79,57,81,82,108,76,99,70,59,59,53,61,78,51,93,53,84,47,45,33,63,51,60,80
[1741873182.142709] [AOA] Measurement: 0,1741873182.100204,78:9a:18:7c:fa:69,2,1,2,0,128,424,272,80,71,34,967,864,590,416,958,245,878,287,819,538,165,535,64,221,944,208,922,799,967,1012,171,205,964,720,704,525,400,108,91,100,116,68,77,25,68,76,53,80,77,104,72,95,66,53,59,50,58,75,48,90,48,85,43,42,31,60,50,54,78
[1741873182.219312] [AOA] Measurement: 0,1741873182.190131,78:9a:18:7c:fa:69,2,1,2,0,128,435,287,7,48,524,793,845,545,382,924,233,886,296,851,533,145,560,57,228,974,179,917,810,979,362,943,212,991,643,611,820,806,106,89,96,112,66,73,26,67,75,52,80,74,103,73,93,65,53,60,51,57,74,47,87,47,81,42,43,31,58,47,55,77
[1741873182.286909] [AOA] Measurement: 0,1741873182.258882,78:9a:18:7c:fa:69,2,1,2,0,128,401,259,58,101,37,955,905,631,952,119,846,133,807,11,565,172,537,85,220,975,229,953,275,829,381,945,357,33,675,733,277,30,101,82,92,108,63,69,23,62,72,50,74,67,97,65,81,59,49,56,47,53,66,42,81,39,76,35,37,26,51,44,48,70
[1741873182.358452] [AOA] Measurement: 0,1741873182.329085,78:9a:18:7c:fa:69,2,1,2,0,128,434,287,55,96,468,754,882,581,382,902,251,898,322,866,570,136,534,34,230,968,129,895,298,820,983,167,840,190,266,916,868,671,102,84,93,109,63,72,23,62,71,50,74,71,96,66,88,61,52,56,49,54,69,44,85,43,78,40,39,28,54,46,51,72
[1741873182.429602] [AOA] Measurement: 0,1741873182.400263,78:9a:18:7c:fa:69,2,1,2,0,128,408,258,26,66,43,1011,854,588,424,949,275,891,316,854,494,103,581,88,248,968,203,928,208,765,405,965,263,1006,233,889,71,966,94,79,86,100,59,68,23,59,69,46,72,66,91,67,84,58,49,53,48,53,67,43,82,44,75,39,40,29,54,45,52,67
[1741873182.498092] [AOA] Measurement: 0,1741873182.469038,78:9a:18:7c:fa:69,2,1,2,0,128,427,305,69,82,24,990,404,807,972,104,811,66,271,816,626,257,25,245,816,176,778,97,871,34,948,145,780,145,242,936,916,758,93,79,90,106,62,72,22,59,73,47,75,66,98,66,89,61,50,53,49,53,69,44,81,44,78,42,41,28,55,45,53,71
[1741873182.569006] [AOA] Measurement: 0,1741873182.539154,78:9a:18:7c:fa:69,2,1,2,0,128,405,301,44,51,82,1018,356,797,370,916,208,909,280,816,565,129,594,125,249,1000,723,56,836,7,346,935,264,938,706,697,560,362,97,81,90,108,64,74,23,62,76,52,79,71,101,73,95,65,51,52,49,56,72,45,85,45,82,43,46,31,59,48,58,76
[1741873182.662475] [AOA] Measurement: 0,1741873182.620230,78:9a:18:7c:fa:69,2,1,2,0,128,376,240,524,911,455,772,895,583,418,928,249,930,852,1011,102,373,74,288,202,929,209,963,832,1000,966,139,881,163,731,692,50,911,101,83,90,108,68,80,24,64,80,56,82,73,105,75,99,68,50,53,50,53,72,47,84,47,83,45,48,32,61,48,60,77
[1741873182.727424] [AOA] Measurement: 0,1741873182.698927,78:9a:18:7c:fa:69,2,1,2,0,128,409,266,75,98,471,782,413,811,972,135,818,57,261,831,550,187,512,62,220,984,204,923,280,774,438,995,853,133,234,902,768,588,81,68,77,89,55,67,21,53,66,46,69,59,87,63,81,57,40,44,40,41,58,37,67,38,70,38,36,23,50,40,48,63
[1741873182.798667] [AOA] Measurement: 0,1741873182.769054,78:9a:18:7c:fa:69,2,1,2,0,128,445,292,50,45,57,1009,394,814,418,972,238,861,295,839,534,174,511,69,214,952,154,887,284,795,460,974,234,954,643,663,569,482,85,70,77,91,57,68,22,55,68,48,69,63,91,65,84,60,41,45,41,45,61,40,70,40,70,38,41,27,51,42,52,65
[1741873182.878276] [AOA] Measurement: 0,1741873182.848997,78:9a:18:7c:fa:69,2,1,2,0,128,393,264,69,57,29,1011,358,768,446,941,817,62,801,1010,523,150,539,87,268,983,188,879,346,813,428,979,246,959,748,725,117,26,98,84,86,106,67,80,25,62,79,54,83,71,107,78,100,70,46,52,46,48,69,45,76,44,81,45,46,29,60,49,59,76
[1741873182.957788] [AOA] Measurement: 0,1741873182.928918,78:9a:18:7c:fa:69,2,1,2,0,128,417,272,77,93,29,976,429,798,991,101,807,60,304,837,582,194,45,278,777,123,733,107,766,971,441,987,885,180,222,861,73,911,105,82,91,114,72,83,24,63,85,57,89,72,112,83,102,77,45,53,43,45,68,44,74,40,89,45,46,26,57,49,57,77
[1741873183.029195] [AOA] Measurement: 0,1741873182.999987,78:9a:18:7c:fa:69,2,1,2,0,128,411,256,9,75,455,772,882,611,465,961,237,862,318,839,597,179,540,73,801,138,227,951,753,929,349,902,278,972,659,660,429,303,97,80,85,104,69,79,25,64,76,56,83,73,106,76,101,71,46,49,43,47,68,46,76,43,84,45,49,26,59,48,61,72
[1741873183.117217] [AOA] Measurement: 0,1741873183.074750,78:9a:18:7c:fa:69,2,1,2,0,128,421,269,70,69,44,992,320,742,425,914,189,840,246,842,525,120,522,52,217,915,182,906,224,736,385,906,272,970,766,705,804,631,103,85,87,110,72,83,26,68,79,60,84,77,109,79,105,76,48,52,46,47,72,48,78,46,89,48,51,29,63,53,67,76
[1741873183.188470] [AOA] Measurement: 0,1741873183.158921,78:9a:18:7c:fa:69,2,1,2,0,128,363,276,23,44,11,969,850,551,437,965,802,32,308,862,516,137,502,27,802,157,682,48,825,1020,907,99,848,95,184,834,904,675,101,82,85,110,73,81,25,66,78,58,82,75,108,76,101,74,45,50,43,47,71,46,75,45,89,46,48,28,63,52,64,77
[1741873183.260105] [AOA] Measurement: 0,1741873183.230346,78:9a:18:7c:fa:69,2,1,2,0,128,342,234,52,120,16,992,850,561,474,966,243,856,862,28,558,167,483,33,165,912,131,863,213,758,472,978,275,973,684,667,851,598,108,87,91,116,72,85,30,70,77,61,84,81,110,76,103,76,49,55,50,56,76,53,87,52,89,51,52,35,66,55,70,80
[1741873183.327548] [AOA] Measurement: 0,1741873183.298912,78:9a:18:7c:fa:69,2,1,2,0,128,450,321,54,100,112,14,369,771,1019,138,803,86,811,22,506,178,485,9,197,926,744,95,827,21,976,153,780,63,693,664,580,362,108,88,94,118,74,85,30,70,75,60,81,82,107,74,103,76,54,58,53,58,78,54,88,54,88,51,52,36,67,57,71,82
[1741873183.399241] [AOA] Measurement: 0,1741873183.369888,78:9a:18:7c:fa:69,2,1,2,0,128,397,285,47,91,20,982,373,772,971,92,813,71,824,22,500,92,471,16,178,930,155,891,236,800,416,995,296,950,218,862,165,25,111,89,93,119,75,83,29,70,73,59,78,81,105,71,102,72,56,60,56,61,83,56,94,54,88,52,49,37,68,56,71,82
[1741873183.466784] [AOA] Measurement: 0,1741873183.438957,78:9a:18:7c:fa:69,2,1,2,0,128,424,314,46,74,42,995,381,749,941,94,700,1021,331,896,73,350,974,182,214,950,150,904,262,771,923,97,914,161,292,942,52,784,109,86,94,115,69,73,27,64,68,52,73,74,99,65,92,66,53,59,54,59,82,51,91,50,80,45,43,33,61,53,61,77
[1741873183.538920] [AOA] Measurement: 0,1741873183.509079,78:9a:18:7c:fa:69,2,1,2,0,128,384,251,28,55,504,791,911,606,435,946,197,859,267,814,580,180,489,1022,164,924,154,860,227,838,312,904,226,961,711,690,681,470,106,87,91,112,66,74,26,63,65,52,70,72,93,61,92,62,55,58,55,61,78,52,93,50,78,45,41,34,62,52,63,75
[1741873183.626291] [AOA] Measurement: 0,1741873183.590187,78:9a:18:7c:fa:69,2,1,2,0,128,451,298,68,80,1001,980,427,815,990,151,775,34,867,38,57,336,32,251,218,964,176,880,289,811,961,129,847,139,184,859,369,184,106,88,94,114,66,73,24,61,67,50,72,70,97,62,90,63,53,59,57,62,81,52,94,49,82,44,40,32,60,53,58,77
[1741873183.694452] [AOA] Measurement: 0,1741873183.668890,78:9a:18:7c:fa:69,2,1,2,0,128,449,304,86,135,35,1002,380,753,967,113,726,17,268,799,557,145,504,76,181,946,184,887,256,810,455,21,763,79,709,690,710,628,93,77,82,95,55,64,21,53,60,46,63,58,85,55,77,53,48,53,50,53,71,45,80,40,69,38,34,26,53,45,51,66
[1741873183.768105] [AOA] Measurement: 0,1741873183.738931,78:9a:18:7c:fa:69,2,1,2,0,128,379,258,81,76,519,828,911,577,379,955,210,884,252,789,478,114,468,17,188,928,156,878,310,863,343,944,272,994,664,674,114,1011,85,71,78,90,53,57,18,47,56,40,58,51,80,52,70,50,44,53,47,52,69,41,78,36,65,33,30,24,50,41,44,61
[1741873183.847785] [AOA] Measurement: 0,1741873183.819102,78:9a:18:7c:fa:69,2,1,2,0,128,416,283,104,126,16,927,904,568,399,942,205,884,305,830,482,93,492,17,235,967,216,955,282,797,392,935,172,929,732,703,332,227,100,84,90,104,62,68,23,57,67,48,69,64,93,58,86,56,55,62,60,65,83,51,97,48,76,43,37,33,61,54,59,74
[1741873183.923548] [AOA] Measurement: 0,1741873183.894001,78:9a:18:7c:fa:69,2,1,2,0,128,451,297,500,889,500,813,958,643,379,908,140,839,253,805,587,137,490,57,234,940,258,988,745,963,352,907,308,1007,719,725,853,576,99,84,91,107,60,74,25,56,68,48,70,65,91,58,86,56,56,60,59,66,82,51,100,50,78,44,39,33,63,51,60,75
[1741873183.999646] [AOA] Measurement: 0,1741873183.970180,78:9a:18:7c:fa:69,2,1,2,0,128,410,285,88,81,517,786,949,608,402,904,232,903,247,765,497,104,507,18,225,961,187,911,334,873,964,139,267,11,209,873,234,73,98,82,88,105,58,69,23,54,67,46,68,62,87,57,81,54,54,60,58,64,81,48,98,44,79,42,38,29,61,52,58,75
[1741873184.066673] [AOA] Measurement: 0,1741873184.038846,78:9a:18:7c:fa:69,2,1,2,0,128,422,297,88,104,58,1016,420,786,998,155,792,81,804,983,539,117,84,293,194,991,155,914,361,896,903,131,308,971,279,942,766,515,96,80,86,98,56,66,23,52,66,46,70,61,91,57,81,52,54,58,56,62,80,49,97,45,80,41,39,29,60,51,55,72
[1741873184.138380] [AOA] Measurement: 0,1741873184.108952,78:9a:18:7c:fa:69,2,1,2,0,128,856,69,127,124,27,990,443,817,911,81,270,924,270,799,570,175,94,318,797,170,699,52,902,31,392,1007,754,116,729,726,68,898,103,86,92,105,59,71,24,55,71,49,76,68,95,63,88,59,58,64,60,67,85,50,102,49,88,45,43,31,65,53,61,77
[1741873184.205042] [AOA] Measurement: 0,1741873184.178986,78:9a:18:7c:fa:69,2,1,2,0,128,466,336,48,116,1004,960,861,600,375,904,236,877,286,795,512,135,553,117,821,165,713,73,836,991,466,964,289,977,696,691,763,731,89,78,85,98,55,64,20,48,66,42,70,57,88,55,77,51,49,58,52,61,77,45,91,41,78,36,35,25,59,49,49,70
[1741873184.278197] [AOA] Measurement: 0,1741873184.248820,78:9a:18:7c:fa:69,2,1,2,0,128,423,275,50,97,14,968,444,783,406,952,221,934,864,1020,78,333,104,333,787,153,221,967,292,775,389,978,264,938,333,959,945,734,95,79,89,102,57,66,21,51,71,45,73,59,92,57,77,55,50,60,55,64,79,43,96,40,83,37,35,26,59,51,50,71
[1741873184.357432] [AOA] Measurement: 0,1741873184.328949,78:9a:18:7c:fa:69,2,1,2,0,128,522,346,66,78,1015,973,870,588,455,1009,218,822,291,821,553,129,582,61,276,20,777,124,884,20,947,137,844,203,241,918,482,307,105,90,98,109,63,72,23,56,80,51,82,65,102,66,88,59,58,70,63,72,93,51,110,47,98,43,42,28,71,59,59,82
[1741873184.433152] [AOA] Measurement: 0,1741873184.403555,78:9a:18:7c:fa:69,2,1,2,0,128,453,309,97,138,14,978,933,592,388,942,323,971,294,820,527,151,577,60,269,1014,249,945,410,928,352,973,273,1008,763,719,595,438,101,86,93,104,59,71,23,51,77,51,81,65,98,64,83,58,54,67,61,71,93,49,108,44,96,44,42,30,69,59,58,83
[1741873184.509504] [AOA] Measurement: 0,1741873184.480187,78:9a:18:7c:fa:69,2,1,2,0,128,492,334,66,78,478,783,912,587,414,971,225,918,240,767,528,123,578,125,200,978,208,952,316,872,483,3,263,1023,762,738,514,317,95,79,84,96,54,65,22,46,76,48,77,64,94,62,81,56,53,65,57,69,90,48,104,44,92,41,40,28,67,56,56,79
[1741873184.580141] [AOA] Measurement: 0,1741873184.550308,78:9a:18:7c:fa:69,2,1,2,0,128,419,319,115,142,11,969,874,567,371,935,301,961,279,791,584,172,569,128,239,10,192,939,301,881,996,145,264,15,794,755,51,867,102,82,88,101,59,72,23,50,86,54,87,70,101,68,86,60,56,68,59,74,97,50,112,46,105,45,44,30,73,63,59,88
[1741873184.647484] [AOA] Measurement: 0,1741873184.618842,78:9a:18:7c:fa:69,2,1,2,0,128,417,296,111,112,446,766,895,532,428,914,247,875,236,790,539,126,520,36,292,15,217,947,352,881,450,968,279,36,755,760,119,946,97,78,85,99,58,68,22,45,86,51,85,67,98,68,83,59,54,69,57,73,95,50,111,43,108,42,44,30,72,64,57,85
[1741873184.719015] [AOA] Measurement: 0,1741873184.688964,78:9a:18:7c:fa:69,2,1,2,0,128,470,289,132,154,1016,979,475,781,935,95,243,903,234,788,527,156,567,101,260,1015,223,990,854,1019,407,1017,249,973,790,757,290,128,102,81,86,97,57,69,25,47,84,53,86,71,98,67,87,60,57,69,56,74,101,53,114,50,105,47,46,32,78,67,64,88
[1741873184.785319] [AOA] Measurement: 0,1741873184.758889,78:9a:18:7c:fa:69,2,1,2,0,128,439,307,65,69,989,958,932,609,5,159,759,54,299,804,545,138,591,92,227,974,242,964,299,842,433,1009,251,991,773,751,914,732,115,93,99,117,63,78,31,54,95,61,99,84,111,76,93,68,67,80,68,88,118,62,133,58,128,56,54,38,90,78,77,105
[1741873184.858292] [AOA] Measurement: 0,1741873184.830165,78:9a:18:7c:fa:69,2,1,2,0,128,401,259,525,917,0,974,920,583,448,987,227,860,230,778,570,164,589,148,238,981,191,939,843,1000,423,994,279,36,743,750,246,0,94,74,79,92,48,64,23,42,73,51,78,66,86,60,76,53,53,63,52,69,92,50,105,45,103,45,43,30,74,63,64,83
[1741873184.930239] [AOA] Measurement: 0,1741873184.900170,78:9a:18:7c:fa:69,2,1,2,0,128,419,266,60,104,1013,970,945,592,464,975,224,902,286,774,530,178,580,92,299,36,222,982,268,844,408,989,905,205,232,925,788,538,101,82,80,98,56,70,29,46,83,56,87,78,97,67,89,60,60,66,59,77,104,59,118,54,116,52,52,36,83,70,76,96
[1741873184.997294] [AOA] Measurement: 0,1741873184.968935,78:9a:18:7c:fa:69,2,1,2,0,128,485,346,123,145,479,803,942,596,357,935,264,899,285,824,556,159,592,109,272,977,202,946,343,878,405,1000,872,230,738,755,341,208,102,75,84,97,52,67,25,46,83,53,86,71,96,66,81,59,54,71,58,74,102,57,114,46,114,47,46,32,76,68,63,93
[1741873185.068947] [AOA] Measurement: 0,1741873185.039047,78:9a:18:7c:fa:69,2,1,2,0,128,388,250,595,941,516,812,887,555,364,902,197,856,287,795,476,99,562,88,261,982,267,992,762,962,478,10,276,29,750,731,192,43,119,96,109,110,73,91,35,65,103,72,110,94,118,83,102,78,72,85,75,90,120,73,131,64,132,67,64,41,100,89,83,113
[1741873185.152751] [AOA] Measurement: 0,1741873185.122780,78:9a:18:7c:fa:69,2,1,2,0,128,462,324,90,114,3,990,400,780,997,149,285,930,861,1011,53,313,589,113,816,155,752,83,277,804,393,976,893,200,733,706,49,919,121,97,108,117,72,86,34,63,102,70,110,88,113,79,98,78,74,88,74,88,119,70,132,62,132,62,62,42,97,87,81,110
[1741873185.229300] [AOA] Measurement: 0,1741873185.190125,78:9a:18:7c:fa:69,2,1,2,0,128,394,243,56,83,493,804,932,604,960,140,818,83,262,801,522,120,568,60,252,989,209,942,926,48,426,1008,252,990,783,741,403,314,113,87,95,110,59,72,31,54,84,57,90,81,103,67,91,63,66,72,62,79,111,62,123,54,118,54,55,38,84,73,73,100
[1741873185.300428] [AOA] Measurement: 0,1741873185.270070,78:9a:18:7c:fa:69,2,1,2,0,128,937,131,500,912,467,767,967,634,300,885,242,851,264,754,526,109,544,65,271,1023,169,892,317,888,1015,156,853,204,230,906,361,172,123,97,98,118,62,75,30,57,85,60,90,85,104,66,92,65,70,78,67,85,112,65,129,61,118,55,50,39,84,74,75,102
[1741873185.365740] [AOA] Measurement: 0,1741873185.338895,78:9a:18:7c:fa:69,2,1,2,0,128,453,285,111,87,39,1003,492,859,929,111,807,66,245,787,529,102,569,105,197,949,173,928,329,853,397,953,963,234,210,931,491,198,119,95,98,118,62,76,33,58,82,58,85,84,100,65,92,62,70,73,66,83,112,65,127,62,110,55,51,43,83,73,74,99
[1741873185.438500] [AOA] Measurement: 0,1741873185.410129,78:9a:18:7c:fa:69,2,1,2,0,128,458,322,34,66,23,969,405,760,450,974,823,60,807,990,542,168,562,90,742,119,740,89,785,1005,1015,142,331,1010,718,684,256,1022,104,79,84,102,53,65,27,50,66,51,70,73,83,56,75,54,56,64,50,68,92,55,104,49,97,45,40,34,69,62,61,83
[1741873185.509569] [AOA] Measurement: 0,1741873185.480177,78:9a:18:7c:fa:69,2,1,2,0,128,433,290,83,106,26,1017,452,806,979,149,794,95,281,832,540,161,494,8,172,959,166,899,847,12,336,947,298,976,715,711,710,525,103,79,82,100,57,70,30,52,70,56,76,79,90,62,82,59,57,62,51,65,91,55,102,55,96,51,48,39,73,61,68,82
[1741873185.576912] [AOA] Measurement: 0,1741873185.548905,78:9a:18:7c:fa:69,2,1,2,0,128,493,314,477,870,474,739,941,615,24,218,767,38,314,843,576,192,527,54,249,960,209,947,779,981,998,147,863,149,272,896,658,403,88,68,71,86,52,63,26,47,65,49,68,68,81,58,76,53,48,52,44,52,78,47,84,47,84,43,43,33,64,54,60,73
[1741873185.645751] [AOA] Measurement: 0,1741873185.619026,78:9a:18:7c:fa:69,2,1,2,0,128,398,240,46,64,22,991,877,575,404,941,317,941,863,4,505,147,528,29,212,973,223,956,792,930,438,974,335,973,737,714,254,166,87,68,72,86,52,62,24,47,70,49,72,67,86,58,76,57,46,51,42,51,70,43,81,43,87,43,44,28,61,53,54,71
[1741873185.714916] [AOA] Measurement: 0,1741873185.688891,78:9a:18:7c:fa:69,2,1,2,0,128,382,247,40,105,48,994,395,797,480,992,277,914,290,820,607,203,544,60,791,131,719,115,261,778,419,982,344,18,731,778,612,404,88,69,76,88,53,64,24,51,70,50,74,73,84,61,82,58,47,49,43,53,74,45,85,47,84,44,47,32,62,51,59,72
[1741873185.788596] [AOA] Measurement: 0,1741873185.760276,78:9a:18:7c:fa:69,2,1,2,0,128,423,268,514,899,516,786,906,612,344,891,228,879,247,805,547,148,549,54,262,975,177,920,278,839,956,126,260,968,731,709,471,333,89,69,79,90,49,60,21,50,70,44,72,67,80,57,71,53,48,52,43,50,68,41,79,39,82,36,42,27,57,49,48,69
[1741873185.859425] [AOA] Measurement: 0,1741873185.830151,78:9a:18:7c:fa:69,2,1,2,0,128,400,256,38,80,51,1009,882,607,923,80,248,912,838,1023,96,362,549,42,197,927,184,924,298,863,400,1002,860,131,253,926,846,609,95,76,82,98,56,64,25,56,71,52,76,73,87,59,80,56,51,53,46,56,74,48,87,46,85,45,46,33,60,53,57,74
[1741873185.927017] [AOA] Measurement: 0,1741873185.899120,78:9a:18:7c:fa:69,2,1,2,0,128,428,284,49,89,21,966,398,760,1013,188,845,115,847,29,89,373,109,304,770,103,755,113,783,937,428,1007,305,992,237,886,555,280,98,80,85,102,57,66,25,60,72,51,78,75,91,64,85,62,55,54,49,59,75,50,89,50,84,47,45,34,61,51,57,76
[1741873185.998278] [AOA] Measurement: 0,1741873185.968986,78:9a:18:7c:fa:69,2,1,2,0,128,410,254,63,51,572,844,430,817,463,990,900,119,855,33,63,311,30,249,242,943,157,926,215,769,444,1023,852,171,258,933,212,921,107,84,92,110,61,69,26,62,73,53,79,79,97,68,87,63,56,58,49,57,75,48,91,49,87,47,46,35,61,53,59,82
[1741873186.078035] [AOA] Measurement: 0,1741873186.048923,78:9a:18:7c:fa:69,2,1,2,0,128,399,265,65,91,15,955,886,562,409,952,305,909,810,1007,521,119,513,44,205,960,160,915,870,24,327,940,196,959,705,680,887,690,109,86,93,114,62,71,26,63,76,53,81,80,98,69,90,65,58,58,49,59,79,50,92,48,87,45,45,35,62,54,61,81
[1741873186.156978] [AOA] Measurement: 0,1741873186.128866,78:9a:18:7c:fa:69,2,1,2,0,128,364,232,67,95,28,963,913,606,426,944,213,871,293,843,577,155,523,37,157,917,142,881,268,837,902,118,307,969,704,738,426,160,105,83,94,112,63,67,24,61,72,50,74,74,95,64,76,60,47,51,41,49,65,43,79,39,79,36,36,29,53,47,47,69
[1741873186.228282] [AOA] Measurement: 0,1741873186.199006,78:9a:18:7c:fa:69,2,1,2,0,128,373,265,75,85,509,795,855,587,394,906,256,892,301,840,524,137,463,6,173,885,153,886,270,835,323,891,324,983,707,692,801,665,109,85,97,116,64,72,27,65,74,57,80,80,100,70,91,64,55,57,50,57,77,51,89,49,87,44,45,32,62,53,58,81
[1741873186.295103] [AOA] Measurement: 0,1741873186.268978,78:9a:18:7c:fa:69,2,1,2,0,128,418,279,18,54,1014,950,947,666,1001,165,817,99,261,819,548,144,517,22,163,921,165,907,324,855,355,933,847,168,669,680,318,62,110,87,95,116,65,71,25,65,75,55,76,79,97,69,89,65,56,58,47,57,75,51,90,48,87,43,43,33,60,53,57,76
[1741873186.368475] [AOA] Measurement: 0,1741873186.338898,78:9a:18:7c:fa:69,2,1,2,0,128,863,44,477,868,537,784,928,625,421,972,287,894,287,869,519,183,439,1019,262,987,148,866,274,781,395,1008,287,971,678,687,862,675,108,86,93,112,63,72,28,63,73,55,79,78,97,67,88,63,58,59,50,61,80,53,95,52,87,46,45,37,65,55,61,81
[1741873186.447564] [AOA] Measurement: 0,1741873186.418857,78:9a:18:7c:fa:69,2,1,2,0,128,352,228,79,98,91,999,332,735,388,943,240,869,299,847,567,151,533,78,238,996,742,89,795,10,936,138,870,182,184,830,364,144,103,83,92,105,59,65,23,59,68,50,71,73,89,61,76,53,54,58,49,57,76,47,86,44,77,40,38,33,57,49,52,73
[1741873186.518837] [AOA] Measurement: 0,1741873186.489161,78:9a:18:7c:fa:69,2,1,2,0,128,424,322,68,76,1023,951,405,759,414,951,264,886,272,813,548,179,533,46,215,942,225,945,314,857,367,947,338,1002,218,879,838,611,110,87,98,115,62,71,25,63,75,53,76,77,101,67,89,63,61,62,54,65,80,51,99,51,82,44,43,34,63,51,55,79
[1741873186.612722] [AOA] Measurement: 0,1741873186.570231,78:9a:18:7c:fa:69,2,1,2,0,128,430,303,527,892,492,755,934,644,436,953,251,909,284,851,569,181,541,75,237,1009,269,955,248,753,475,985,251,955,726,684,224,30,97,80,90,104,59,68,20,57,77,49,82,69,101,71,89,63,50,54,48,54,70,44,85,44,83,43,46,27,58,47,54,75
[1741873186.677751] [AOA] Measurement: 0,1741873186.648975,78:9a:18:7c:fa:69,2,1,2,0,128,413,302,134,158,11,990,877,601,24,143,282,930,860,15,557,136,536,75,221,968,198,913,293,795,35,207,760,154,655,669,543,458,96,83,89,107,67,78,24,62,81,54,85,74,105,77,98,70,45,52,46,50,66,44,77,43,87,46,49,28,62,49,60,77
[1741873186.748693] [AOA] Measurement: 0,1741873186.719035,78:9a:18:7c:fa:69,2,1,2,0,128,358,247,547,933,38,1022,359,778,476,999,205,856,316,871,522,141,524,69,138,918,136,894,238,778,414,936,336,976,679,673,398,279,106,87,96,115,75,86,29,69,84,60,88,81,116,81,107,78,49,56,48,53,72,50,82,49,93,48,52,30,68,55,69,80
[1741873186.842711] [AOA] Measurement: 0,1741873186.800248,78:9a:18:7c:fa:69,2,1,2,0,128,881,46,500,911,481,755,893,565,349,884,232,863,296,840,472,94,515,26,188,921,127,865,244,786,364,918,204,927,677,670,20,919,113,95,97,123,78,88,31,72,77,61,81,80,112,76,106,74,55,63,57,64,86,58,97,57,91,52,49,38,70,58,74,86
[1741873186.907244] [AOA] Measurement: 0,1741873186.878909,78:9a:18:7c:fa:69,2,1,2,0,128,458,306,58,78,96,4,417,808,918,72,824,58,858,5,558,186,507,46,176,934,173,902,285,780,984,140,806,103,239,891,894,703,112,92,98,118,66,77,26,65,69,53,72,78,101,64,93,65,58,63,58,66,84,53,98,55,84,46,44,35,64,55,66,78
[1741873186.979812] [AOA] Measurement: 0,1741873186.950223,78:9a:18:7c:fa:69,2,1,2,0,128,386,250,67,105,59,1006,402,777,978,127,814,69,816,1005,84,361,17,228,783,126,751,97,923,56,940,159,787,107,704,668,172,1010,101,85,92,110,62,68,25,61,64,49,68,67,92,59,83,57,54,58,54,59,77,49,89,47,78,41,37,31,57,51,56,73
[1741873187.046897] [AOA] Measurement: 0,1741873187.018877,78:9a:18:7c:fa:69,2,1,2,0,128,314,193,540,914,476,768,904,622,441,943,248,886,387,899,26,306,55,252,771,150,730,99,256,819,402,978,280,995,785,736,580,403,104,86,90,106,60,71,27,59,68,48,73,72,93,60,89,58,58,60,57,66,85,52,100,52,82,46,42,36,64,54,63,74
[1741873187.118392] [AOA] Measurement: 0,1741873187.089101,78:9a:18:7c:fa:69,2,1,2,0,128,439,301,48,64,498,804,430,792,429,976,262,913,261,776,544,129,539,99,207,984,254,944,299,891,357,953,290,12,716,718,41,875,101,80,87,102,57,68,23,52,73,47,76,66,97,61,86,58,55,62,57,67,84,48,100,46,89,43,40,30,63,55,56,77
[1741873187.184977] [AOA] Measurement: 0,1741873187.158952,78:9a:18:7c:fa:69,2,1,2,0,128,454,339,73,131,14,995,906,605,499,988,239,897,294,803,544,132,517,88,247,11,198,917,871,12,439,993,305,11,716,733,503,273,102,82,91,104,61,74,25,52,86,51,87,71,103,67,87,63,55,66,57,68,90,51,101,44,103,43,46,29,69,60,60,84
[1741873187.258749] [AOA] Measurement: 0,1741873187.229003,78:9a:18:7c:fa:69,2,1,2,0,128,438,303,518,913,504,796,936,581,513,1006,268,935,254,809,522,141,535,95,273,1017,203,910,319,871,997,170,270,998,720,728,93,941,95,79,84,97,59,74,25,50,87,56,88,72,105,73,94,67,52,62,52,64,91,50,102,47,109,49,49,28,74,65,65,89
[1741873187.350100] [AOA] Measurement: 0,1741873187.320136,78:9a:18:7c:fa:69,2,1,2,0,128,380,271,97,113,31,977,436,733,404,942,312,913,286,836,571,187,553,58,283,1013,209,947,346,896,449,1021,244,968,746,751,428,277,78,64,65,78,54,64,21,43,74,50,76,58,89,65,82,57,37,49,41,49,73,41,83,38,95,43,46,26,65,54,57,72
[1741873187.427953] [AOA] Measurement: 0,1741873187.399089,78:9a:18:7c:fa:69,2,1,2,0,128,449,300,45,89,16,999,897,566,394,937,213,857,294,824,574,138,561,99,313,23,782,138,890,11,964,132,279,955,695,689,91,964,76,60,61,80,54,63,18,44,71,49,72,53,89,65,76,58,35,45,34,42,69,38,73,31,93,37,38,21,60,52,52,69
[1741873187.495550] [AOA] Measurement: 0,1741873187.469069,78:9a:18:7c:fa:69,2,1,2,0,128,448,263,55,75,1019,997,363,690,1000,152,824,86,803,1005,62,362,516,83,817,162,233,973,804,998,1007,178,858,165,252,882,907,641,79,62,62,79,55,62,22,47,68,48,69,61,86,61,75,58,37,45,35,45,73,40,77,37,87,40,39,25,61,53,56,68
[1741873187.567258] [AOA] Measurement: 0,1741873187.538941,78:9a:18:7c:fa:69,2,1,2,0,128,393,280,42,69,0,979,425,767,980,125,847,80,825,1,66,337,565,76,246,1021,160,934,824,984,415,959,351,961,740,712,913,738,102,81,81,104,73,80,31,62,80,61,82,75,105,74,90,70,47,59,45,56,91,50,94,44,110,48,47,33,72,65,68,85
[1741873187.639833] [AOA] Measurement: 0,1741873187.610231,78:9a:18:7c:fa:69,2,1,2,0,128,413,236,32,63,450,787,921,570,411,945,262,884,280,852,130,392,28,273,731,100,155,913,300,803,402,981,950,211,201,875,760,434,92,73,72,95,60,65,25,53,63,51,63,66,85,59,75,56,45,50,41,54,82,46,87,43,85,40,36,30,61,53,58,70
[1741873187.711584] [AOA] Measurement: 0,1741873187.682752,78:9a:18:7c:fa:69,2,1,2,0,128,379,239,56,100,1004,950,424,720,406,957,258,864,337,804,484,75,463,29,242,974,228,1003,781,1016,409,949,265,928,732,694,23,823,118,95,95,117,70,75,34,65,73,58,71,79,101,67,90,64,63,68,58,75,107,62,115,57,97,50,40,42,77,67,74,87
[1741873187.778570] [AOA] Measurement: 0,1741873187.749048,78:9a:18:7c:fa:69,2,1,2,0,128,424,254,67,91,989,978,934,555,410,970,183,882,258,817,541,140,507,61,200,990,223,946,845,15,996,176,833,164,283,909,476,199,110,87,89,111,62,63,26,57,64,50,64,63,92,56,75,54,57,65,56,70,100,55,107,45,83,39,27,36,64,59,59,77
[1741873187.858911] [AOA] Measurement: 0,1741873187.828859,78:9a:18:7c:fa:69,2,1,2,0,128,484,351,103,128,514,804,1005,616,378,925,257,932,221,716,577,122,478,72,264,1021,309,989,947,91,951,133,802,210,244,923,812,576,106,90,103,112,73,69,21,68,91,52,88,55,109,75,84,68,66,78,70,84,100,55,115,42,87,39,32,36,62,57,46,82
[1741873187.937643] [AOA] Measurement: 0,1741873187.909058,78:9a:18:7c:fa:69,2,1,2,0,128,464,311,134,137,473,780,883,525,477,980,779,42,295,822,550,136,614,201,286,45,337,6,362,822,446,971,253,26,276,893,328,69,97,90,99,108,86,87,15,80,111,63,108,58,133,105,115,88,61,72,67,73,98,49,110,36,92,48,49,27,62,56,43,77
[1741873188.008331] [AOA] Measurement: 0,1741873187.979020,78:9a:18:7c:fa:69,2,1,2,0,128,434,290,92,109,15,7,424,788,926,71,818,72,825,1023,61,323,134,399,323,56,840,170,907,1001,965,135,804,113,327,962,801,539,79,77,87,91,80,81,12,77,106,61,107,62,125,100,111,90,49,55,56,54,74,36,84,29,86,46,51,20,49,44,37,67
[1741873188.079127] [AOA] Measurement: 0,1741873188.050244,78:9a:18:7c:fa:69,2,1,2,0,128,906,94,613,962,495,797,902,547,445,935,216,836,263,804,507,107,564,118,294,55,351,3,353,857,410,946,269,82,386,993,7,784,83,74,84,95,78,75,11,74,99,54,99,54,120,95,98,82,46,57,52,57,75,39,86,23,79,39,44,16,48,41,28,61
[1741873188.147108] [AOA] Measurement: 0,1741873188.118984,78:9a:18:7c:fa:69,2,1,2,0,128,469,284,154,151,968,965,954,596,429,929,285,904,313,836,45,341,565,159,332,97,839,231,930,32,435,997,212,20,799,776,120,886,83,76,81,96,78,76,13,65,101,56,95,54,119,90,99,79,49,57,54,61,83,42,95,31,85,41,45,22,55,50,40,70
[1741873188.225077] [AOA] Measurement: 0,1741873188.194804,78:9a:18:7c:fa:69,2,1,2,0,128,870,89,561,926,485,804,918,550,421,941,257,915,258,801,543,149,140,369,845,219,275,1001,331,826,408,949,244,1013,756,747,670,540,93,84,90,103,80,81,19,75,101,57,100,63,122,91,101,80,55,64,59,63,88,48,96,37,91,46,47,26,61,53,44,74
[1741873188.297953] [AOA] Measurement: 0,1741873188.268923,78:9a:18:7c:fa:69,2,1,2,0,128,467,309,75,70,512,803,930,565,22,190,725,990,251,776,523,139,552,111,279,33,271,981,388,863,29,225,709,167,782,750,85,918,100,86,96,108,85,83,18,79,96,58,97,64,123,92,103,81,59,68,60,67,92,49,98,39,84,42,41,24,59,52,43,75
[1741873188.378045] [AOA] Measurement: 0,1741873188.348919,78:9a:18:7c:fa:69,2,1,2,0,128,463,310,65,85,486,782,979,568,394,928,252,905,236,798,487,119,516,99,278,30,244,947,279,838,471,990,190,5,830,802,70,768,115,99,108,123,92,87,22,85,94,59,93,68,126,92,106,81,67,76,72,73,106,58,111,47,84,46,37,34,62,54,49,80
[1741873188.449674] [AOA] Measurement: 0,1741873188.420079,78:9a:18:7c:fa:69,2,1,2,0,128,388,250,54,50,494,777,968,563,384,979,193,857,256,767,509,118,501,42,224,997,217,929,270,824,492,970,310,17,718,699,980,794,115,98,110,122,89,82,24,83,84,57,80,64,119,86,93,70,66,76,66,71,103,60,108,46,82,41,29,36,64,58,53,80
[1741873188.528680] [AOA] Measurement: 0,1741873188.499331,78:9a:18:7c:fa:69,2,1,2,0,128,372,274,32,40,54,1010,427,728,950,105,767,40,849,11,551,179,504,75,237,990,218,901,318,846,431,956,272,929,775,754,416,222,92,79,81,105,66,66,19,64,62,46,56,53,94,65,82,56,48,50,45,48,74,43,78,37,61,35,25,26,47,40,45,58
[1741873188.599699] [AOA] Measurement: 0,1741873188.570230,78:9a:18:7c:fa:69,2,1,2,0,128,378,258,105,98,1002,973,392,770,408,941,249,905,855,36,40,303,483,52,194,935,178,899,301,813,441,940,817,117,225,909,420,210,93,79,79,100,67,71,21,63,64,49,59,62,97,66,91,59,48,48,45,46,71,46,77,42,63,39,32,30,52,45,52,60
[1741873188.667021] [AOA] Measurement: 0,1741873188.638958,78:9a:18:7c:fa:69,2,1,2,0,128,864,64,48,91,1017,988,353,727,448,945,216,892,279,834,499,83,548,88,768,121,685,35,285,812,396,942,822,84,707,695,622,428,80,66,70,88,62,65,20,57,59,46,59,56,87,64,82,58,39,42,39,38,61,39,65,37,59,35,33,25,46,39,47,57
[1741873188.738724] [AOA] Measurement: 0,1741873188.709077,78:9a:18:7c:fa:69,2,1,2,0,128,412,293,457,868,475,750,840,596,486,1011,741,27,867,29,29,300,504,48,749,111,187,896,837,981,11,187,798,122,214,890,292,117,80,65,71,92,65,68,20,60,65,49,66,57,97,69,90,65,37,39,37,33,57,38,58,34,66,36,38,23,48,40,50,57
[1741873188.805360] [AOA] Measurement: 0,1741873188.779377,78:9a:18:7c:fa:69,2,1,2,0,128,366,285,73,98,8,975,847,621,429,927,294,871,302,836,514,160,527,79,266,983,159,878,277,760,485,1000,198,921,634,625,392,290,84,69,73,93,68,73,20,63,74,53,74,63,102,75,97,71,39,38,37,33,53,39,57,37,69,42,44,26,50,40,53,61
[1741873188.879355] [AOA] Measurement: 0,1741873188.850274,78:9a:18:7c:fa:69,2,1,2,0,128,444,326,77,87,42,980,349,785,364,899,247,864,325,837,83,326,42,294,812,174,713,41,905,48,860,19,791,107,702,675,797,566,79,69,78,92,67,67,16,60,72,46,73,53,102,70,89,66,37,41,40,36,48,32,56,28,62,34,40,17,39,32,41,55
[1741873188.958660] [AOA] Measurement: 0,1741873188.930157,78:9a:18:7c:fa:69,2,1,2,0,128,402,261,19,53,985,955,870,577,350,936,160,837,255,805,453,55,520,70,175,935,212,906,293,862,352,905,233,996,705,679,22,936,91,80,89,104,65,66,16,63,67,43,67,51,98,66,86,59,44,52,48,48,63,38,70,32,56,32,29,20,40,32,37,57
[1741873189.030272] [AOA] Measurement: 0,1741873189.000230,78:9a:18:7c:fa:69,2,1,2,0,128,410,268,109,98,1020,948,399,782,458,1001,793,39,865,1017,539,121,503,94,196,933,180,889,256,782,974,123,837,131,274,902,1009,694,103,90,91,112,72,79,24,71,70,52,70,69,109,74,100,66,51,55,52,54,76,48,83,47,65,43,38,31,55,42,55,70
[1741873189.108920] [AOA] Measurement: 0,1741873189.079003,78:9a:18:7c:fa:69,2,1,2,0,128,333,231,24,57,53,980,370,763,407,929,187,839,274,840,532,116,465,21,235,958,243,922,280,814,409,984,263,981,712,716,833,638,102,87,94,114,76,88,26,71,79,60,79,73,116,82,106,79,47,55,46,50,75,47,78,46,81,47,45,30,63,51,65,75
[1741873189.175243] [AOA] Measurement: 0,1741873189.148911,78:9a:18:7c:fa:69,2,1,2,0,128,394,289,38,61,520,837,377,766,422,931,807,40,328,829,514,103,483,2,237,979,226,918,321,802,423,953,288,984,222,877,611,451,98,79,87,107,72,83,22,67,81,60,83,70,112,83,105,78,41,50,43,43,67,41,72,43,84,42,47,22,59,47,60,71
[1741873189.248012] [AOA] Measurement: 0,1741873189.218977,78:9a:18:7c:fa:69,2,1,2,0,128,361,253,135,90,1,971,357,815,975,106,294,920,314,843,566,116,558,97,233,977,173,893,277,816,392,975,243,958,763,729,341,106,97,83,93,108,69,81,22,67,87,58,88,73,113,83,107,78,44,50,44,45,62,42,72,40,84,44,48,22,59,46,60,72
[1741873189.319949] [AOA] Measurement: 0,1741873189.290239,78:9a:18:7c:fa:69,2,1,2,0,128,409,264,93,116,26,983,404,812,976,104,239,858,326,868,99,350,47,268,799,160,180,923,731,922,387,944,226,937,732,695,912,725,113,96,106,125,74,83,23,75,87,58,91,78,117,83,108,78,54,63,56,64,73,49,89,49,86,48,51,30,63,48,60,81
[1741873189.387269] [AOA] Measurement: 0,1741873189.358892,78:9a:18:7c:fa:69,2,1,2,0,128,437,253,470,897,434,736,950,695,332,905,180,837,270,816,493,116,571,59,210,944,137,871,288,881,305,900,223,995,680,645,433,343,108,91,100,115,69,78,26,69,74,53,79,76,104,71,97,67,54,61,56,59,73,47,86,50,74,43,41,32,58,48,59,74
[1741873189.459493] [AOA] Measurement: 0,1741873189.429874,78:9a:18:7c:fa:69,2,1,2,0,128,394,245,66,105,33,996,859,621,341,901,234,858,328,859,516,107,466,993,143,899,187,912,273,831,895,91,796,98,165,836,287,159,111,94,102,120,74,81,30,74,77,61,84,85,108,77,102,75,55,62,54,60,77,54,88,54,81,49,49,35,65,53,69,83
[1741873189.538197] [AOA] Measurement: 0,1741873189.508953,78:9a:18:7c:fa:69,2,1,2,0,128,354,237,80,86,83,992,364,803,404,936,244,869,277,824,586,175,68,252,755,70,145,877,214,760,413,998,763,51,708,677,328,93,101,88,94,107,73,82,29,72,81,61,85,81,103,78,101,76,51,55,48,55,69,52,78,51,83,51,55,34,64,54,67,79
[1741873189.609530] [AOA] Measurement: 0,1741873189.580306,78:9a:18:7c:fa:69,2,1,2,0,128,437,296,62,97,27,991,846,572,426,940,224,837,307,834,525,153,480,17,145,902,136,873,150,725,390,944,255,930,712,690,627,371,89,77,82,98,63,70,23,62,73,53,77,70,93,68,91,68,43,46,40,45,57,41,67,43,73,43,46,27,55,46,60,69
[1741873189.677599] [AOA] Measurement: 0,1741873189.648918,78:9a:18:7c:fa:69,2,1,2,0,128,393,292,67,76,1,919,842,596,417,921,247,854,260,795,507,140,475,24,207,910,220,904,178,726,284,886,222,902,698,654,389,234,100,86,94,106,71,80,28,75,84,60,91,82,106,78,101,79,51,55,49,54,65,48,76,49,82,50,56,30,65,52,66,79
[1741873189.749525] [AOA] Measurement: 0,1741873189.719748,78:9a:18:7c:fa:69,2,1,2,0,128,399,239,532,917,14,953,866,631,423,986,791,28,269,825,515,147,489,6,226,946,160,916,248,786,356,913,874,152,711,665,957,797,106,91,98,110,73,82,29,75,84,61,91,83,104,79,104,78,55,55,54,58,70,51,81,51,86,52,59,35,66,54,70,83
[1741873189.817317] [AOA] Measurement: 0,1741873189.789013,78:9a:18:7c:fa:69,2,1,2,0,128,440,246,25,71,499,783,890,674,305,868,213,842,325,809,547,160,516,36,230,973,178,944,805,968,937,139,837,125,218,841,753,533,105,92,99,112,73,84,30,78,85,64,93,86,107,83,108,81,59,61,56,60,73,53,86,55,88,53,58,37,67,55,72,83
[1741873189.900358] [AOA] Measurement: 0,1741873189.870203,78:9a:18:7c:fa:69,2,1,2,0,128,387,238,60,84,28,1010,353,795,391,928,231,844,288,856,502,119,542,36,245,927,735,108,735,958,350,915,226,955,631,617,1012,940,109,96,104,118,76,85,29,79,88,64,97,88,113,86,113,85,59,61,55,62,72,54,88,58,89,57,62,37,70,57,75,86
[1741873189.979511] [AOA] Measurement: 0,1741873189.950196,78:9a:18:7c:fa:69,2,1,2,0,128,388,235,66,75,61,979,339,793,943,79,250,879,285,835,523,153,437,16,225,990,152,869,872,5,355,959,239,964,702,654,574,417,102,87,98,115,70,79,26,72,83,59,89,81,106,79,101,77,49,51,46,49,61,45,74,44,80,46,53,27,56,46,61,75
[1741873190.047452] [AOA] Measurement: 0,1741873190.018990,78:9a:18:7c:fa:69,2,1,2,0,128,883,97,540,929,19,945,345,801,461,960,257,890,321,854,516,122,523,22,245,970,162,892,246,776,349,931,262,993,225,866,697,425,102,87,96,115,70,79,27,73,84,58,90,82,108,81,105,78,49,50,44,48,60,46,72,45,82,46,54,27,59,48,62,76
[1741873190.118348] [AOA] Measurement: 0,1741873190.088875,78:9a:18:7c:fa:69,2,1,2,0,128,404,291,58,83,517,823,799,580,485,983,753,15,284,831,507,138,515,62,246,935,738,106,771,977,901,106,758,102,158,850,763,629,103,87,92,113,73,84,28,73,86,61,91,85,110,85,112,80,54,51,47,53,66,50,79,54,84,52,57,34,64,51,72,81
[1741873190.189412] [AOA] Measurement: 0,1741873190.160181,78:9a:18:7c:fa:69,2,1,2,0,128,327,225,51,81,540,827,836,636,390,888,214,818,324,854,547,146,490,46,208,922,180,915,846,17,912,86,761,139,719,677,7,823,101,86,93,108,72,82,27,71,84,61,90,82,104,81,103,78,48,50,44,48,61,45,71,48,83,48,54,29,62,49,65,75
[1741873190.256914] [AOA] Measurement: 0,1741873190.228904,78:9a:18:7c:fa:69,2,1,2,0,128,316,241,65,101,69,1018,378,805,1003,107,284,886,238,835,488,111,541,97,165,907,208,927,789,968,325,910,841,130,191,902,680,339,101,89,91,112,75,85,31,75,83,64,89,88,107,82,110,82,53,53,49,54,67,53,81,55,86,53,59,36,66,55,73,81
[1741873190.328920] [AOA] Measurement: 0,1741873190.298990,78:9a:18:7c:fa:69,2,1,2,0,128,866,22,560,906,536,821,810,566,350,887,229,868,331,857,524,131,499,1021,188,905,119,857,212,792,445,983,298,953,650,628,943,819,108,90,95,114,76,86,32,76,84,65,91,87,108,82,108,80,54,56,50,55,71,53,83,56,87,53,58,37,69,55,74,83
[1741873190.395193] [AOA] Measurement: 0,1741873190.368875,78:9a:18:7c:fa:69,2,1,2,0,128,401,269,75,83,47,960,792,589,427,986,275,877,326,860,537,136,533,53,170,883,174,907,758,919,368,932,271,917,661,642,319,212,109,92,96,113,73,84,30,73,78,62,87,84,105,77,104,77,54,59,51,58,73,53,83,54,80,49,50,34,64,54,67,79
[1741873190.468579] [AOA] Measurement: 0,1741873190.440286,78:9a:18:7c:fa:69,2,1,2,0,128,411,249,508,897,525,773,893,626,418,949,214,844,336,884,520,126,507,36,211,949,123,895,213,775,950,105,877,196,160,821,787,603,101,89,96,113,69,77,29,69,74,56,78,80,102,71,99,69,55,60,52,60,76,52,88,54,78,47,48,35,63,53,68,79
[1741873190.539525] [AOA] Measurement: 0,1741873190.509872,78:9a:18:7c:fa:69,2,1,2,0,128,363,249,1016,2,523,837,856,601,425,911,249,900,197,779,502,130,527,33,160,920,220,939,790,1006,851,33,213,951,629,614,325,250,111,93,101,117,69,76,26,70,75,55,79,77,105,74,102,70,57,62,56,63,77,52,90,51,78,47,45,35,63,49,63,78
[1741873190.619184] [AOA] Measurement: 0,1741873190.589033,78:9a:18:7c:fa:69,2,1,2,0,128,456,307,38,102,73,12,394,821,332,914,186,873,284,843,533,130,486,2,252,984,152,877,251,791,325,925,278,992,663,644,960,813,126,106,115,129,81,92,30,82,91,65,95,88,123,89,121,85,66,69,66,70,83,61,102,62,90,55,55,39,74,59,77,89
[1741873190.706443] [AOA] Measurement: 0,1741873190.670122,78:9a:18:7c:fa:69,2,1,2,0,128,356,247,567,951,9,959,411,813,1014,105,195,841,318,854,522,175,35,272,216,961,198,918,921,26,880,76,202,934,681,649,353,134,118,99,108,125,79,91,30,76,92,64,98,83,123,87,118,85,58,64,59,61,77,54,91,52,89,53,56,31,66,52,69,88
[1741873190.807750] [AOA] Measurement: 0,1741873190.754740,78:9a:18:7c:fa:69,2,1,2,0,128,372,237,80,80,1020,980,417,805,446,928,231,906,253,796,604,192,487,36,285,980,785,122,791,983,938,100,792,73,646,655,231,92,98,83,88,105,70,81,26,65,80,59,86,74,106,75,107,76,47,52,48,51,65,47,72,46,84,50,52,30,63,49,68,77
[1741873190.879181] [AOA] Measurement: 0,1741873190.849701,78:9a:18:7c:fa:69,2,1,2,0,128,334,210,582,927,514,809,406,791,476,988,796,30,249,825,527,115,520,60,197,951,165,887,209,766,960,115,267,941,678,668,138,962,97,79,85,105,71,81,27,65,77,58,82,74,105,75,103,76,45,50,47,50,67,49,73,47,82,50,52,32,63,51,67,75
[1741873190.946931] [AOA] Measurement: 0,1741873190.918964,78:9a:18:7c:fa:69,2,1,2,0,128,390,265,535,906,513,805,841,571,438,943,816,23,830,9,528,157,528,60,256,959,194,893,244,765,447,987,849,131,126,852,168,55,110,90,97,117,79,88,27,72,83,63,86,76,114,82,110,81,49,56,52,53,77,52,81,47,86,50,52,31,65,53,69,80
[1741873191.018945] [AOA] Measurement: 0,1741873190.989058,78:9a:18:7c:fa:69,2,1,2,0,128,313,205,550,916,516,800,871,598,422,947,782,31,266,825,545,169,479,24,188,954,294,947,240,806,409,907,257,958,748,741,539,349,113,94,98,119,81,87,26,74,79,60,84,78,115,84,109,78,53,57,53,55,77,53,87,50,80,53,46,33,64,51,67,79
[1741873191.089876] [AOA] Measurement: 0,1741873191.061956,78:9a:18:7c:fa:69,2,1,2,0,128,926,61,538,912,45,992,888,582,479,973,201,864,861,39,518,123,529,66,169,954,146,883,297,832,407,937,329,1017,706,683,119,972,94,78,85,104,66,70,19,62,68,47,69,56,100,70,90,64,42,50,46,45,66,41,71,35,64,36,35,23,49,40,49,64
[1741873191.158176] [AOA] Measurement: 0,1741873191.128951,78:9a:18:7c:fa:69,2,1,2,0,128,847,68,98,112,15,974,952,610,408,974,237,882,297,835,502,111,502,65,200,942,244,948,264,826,421,966,783,159,258,894,479,256,89,79,83,102,65,71,17,63,65,45,67,53,97,67,88,63,42,48,46,47,62,39,73,37,64,37,35,24,48,37,44,60
[1741873191.229307] [AOA] Measurement: 0,1741873191.200271,78:9a:18:7c:fa:69,2,1,2,0,128,434,287,29,54,7,967,409,777,422,927,268,917,866,1004,67,325,58,285,790,150,738,53,257,763,445,975,230,982,592,618,652,525,82,74,77,90,60,65,18,57,65,41,63,50,90,62,80,57,40,45,42,41,57,37,65,33,59,33,31,22,42,34,42,56
[1741873191.297673] [AOA] Measurement: 0,1741873191.268890,78:9a:18:7c:fa:69,2,1,2,0,128,357,227,71,71,509,813,351,783,444,946,776,40,808,1019,93,362,97,310,240,987,203,901,265,763,417,961,300,1011,259,934,795,538,74,66,69,86,58,60,15,55,62,40,61,51,87,61,79,54,35,40,39,37,52,32,58,30,58,31,32,20,40,33,38,53
[1741873191.368312] [AOA] Measurement: 0,1741873191.339042,78:9a:18:7c:fa:69,2,1,2,0,128,345,246,105,107,16,980,407,761,429,914,268,896,257,816,518,119,511,93,321,35,788,106,859,1016,413,970,254,968,755,722,251,49,81,72,77,94,67,70,16,61,72,47,71,54,100,72,90,65,39,45,39,40,60,37,66,34,67,35,37,20,46,40,45,59
[1741873191.435284] [AOA] Measurement: 0,1741873191.409030,78:9a:18:7c:fa:69,2,1,2,0,128,517,340,15,81,61,1011,424,810,980,133,803,28,817,1022,89,358,540,108,202,960,213,922,866,1002,0,184,859,157,285,925,273,980,77,72,72,89,62,67,18,60,68,45,66,54,97,67,85,60,37,43,38,39,59,36,65,33,66,36,35,24,47,41,43,61
[1741873191.509144] [AOA] Measurement: 0,1741873191.478950,78:9a:18:7c:fa:69,2,1,2,0,128,445,315,114,86,58,999,388,765,445,981,804,42,805,1011,575,167,97,330,842,209,765,86,849,973,465,961,271,960,792,762,790,538,81,71,74,91,65,69,16,60,66,48,64,54,98,68,85,60,41,45,39,43,65,39,69,34,68,37,33,23,49,40,45,61
[1741873191.580037] [AOA] Measurement: 0,1741873191.550316,78:9a:18:7c:fa:69,2,1,2,0,128,379,252,514,904,516,787,952,610,390,932,233,871,338,841,559,164,485,79,208,969,221,917,301,800,440,963,323,1018,750,728,66,918,98,87,88,109,74,81,22,71,74,56,75,68,111,78,102,71,50,55,50,53,80,48,88,46,81,47,39,33,60,49,56,71
[1741873191.647402] [AOA] Measurement: 0,1741873191.618870,78:9a:18:7c:fa:69,2,1,2,0,128,389,266,41,69,441,783,903,602,440,954,283,876,245,793,514,104,503,27,193,963,266,950,314,855,850,65,306,989,733,703,56,859,93,81,83,104,72,71,17,67,74,51,70,57,107,70,88,65,48,55,48,51,74,44,82,35,77,37,34,24,54,47,46,67
[1741873191.718640] [AOA] Measurement: 0,1741873191.688978,78:9a:18:7c:fa:69,2,1,2,0,128,914,103,107,92,521,790,892,593,422,946,202,872,257,817,588,195,31,299,815,194,752,102,803,968,900,100,802,114,724,683,278,180,100,87,90,107,71,71,21,66,75,52,75,61,106,71,94,65,53,60,53,59,83,49,94,42,81,44,37,29,60,52,53,71
[1741873191.798138] [AOA] Measurement: 0,1741873191.768953,78:9a:18:7c:fa:69,2,1,2,0,128,429,307,88,118,509,794,933,593,451,939,227,866,282,799,506,125,618,114,309,3,204,934,355,842,404,931,305,9,680,706,316,169,92,79,85,102,66,68,20,60,71,50,75,62,101,65,89,61,51,57,52,58,82,47,94,39,84,45,37,28,57,51,52,72
[1741873191.869875] [AOA] Measurement: 0,1741873191.840251,78:9a:18:7c:fa:69,2,1,2,0,128,419,275,94,138,28,1006,426,749,435,970,298,914,854,979,86,353,103,297,828,216,739,76,884,35,1010,183,853,192,281,922,526,263,90,78,80,95,58,63,17,57,73,46,74,57,97,63,80,61,48,57,50,55,82,46,95,36,89,40,37,24,57,53,48,75
[1741873191.937513] [AOA] Measurement: 0,1741873191.908970,78:9a:18:7c:fa:69,2,1,2,0,128,875,52,593,956,0,991,879,569,438,958,239,879,286,814,548,151,104,313,805,229,723,97,272,822,419,977,293,972,717,709,91,936,107,88,93,113,71,76,24,64,87,57,88,71,110,73,99,72,56,68,58,70,100,56,105,46,106,51,45,32,71,61,62,92
[1741873192.013304] [AOA] Measurement: 0,1741873191.983601,78:9a:18:7c:fa:69,2,1,2,0,128,487,329,75,112,36,1022,440,770,997,111,241,884,285,804,569,158,563,152,776,168,778,126,862,35,373,935,853,168,777,772,51,835,114,95,93,118,69,76,27,64,85,58,89,73,116,73,99,73,61,71,61,73,102,59,111,48,107,52,45,35,70,65,65,93
[1741873192.088999] [AOA] Measurement: 0,1741873192.060079,78:9a:18:7c:fa:69,2,1,2,0,128,430,297,42,84,960,934,906,575,459,962,262,899,277,823,487,95,566,88,254,1017,800,141,899,93,912,128,839,146,758,696,41,871,95,82,80,97,56,66,23,53,69,49,71,62,91,59,81,57,51,58,51,61,87,47,94,41,89,44,38,30,61,54,56,76
[1741873192.169181] [AOA] Measurement: 0,1741873192.138972,78:9a:18:7c:fa:69,2,1,2,0,128,379,247,34,55,496,823,422,764,422,937,244,837,251,812,522,150,536,109,771,182,773,112,859,1004,1013,180,877,151,295,922,236,1005,108,92,95,115,70,76,28,63,80,60,80,73,109,70,97,69,59,69,57,70,103,58,109,52,100,51,44,37,73,64,67,89
[1741873192.248947] [AOA] Measurement: 0,1741873192.218880,78:9a:18:7c:fa:69,2,1,2,0,128,391,262,55,89,45,995,452,819,965,108,280,904,287,839,508,140,527,75,232,990,224,951,840,1023,52,230,828,147,284,909,981,757,110,91,92,110,73,77,27,65,79,59,82,76,109,72,98,70,56,66,53,65,95,56,104,50,99,51,44,34,72,64,67,87
[1741873192.339046] [AOA] Measurement: 0,1741873192.310087,78:9a:18:7c:fa:69,2,1,2,0,128,422,227,49,86,28,976,842,540,478,956,237,900,206,775,568,156,552,74,236,983,199,922,317,848,912,73,264,955,736,738,5,786,85,68,74,88,55,64,20,50,66,47,68,58,89,62,77,56,40,50,38,48,71,40,78,35,83,36,36,25,54,48,48,68
[1741873192.406607] [AOA] Measurement: 0,1741873192.378894,78:9a:18:7c:fa:69,2,1,2,0,128,434,291,53,70,1004,970,411,795,60,180,760,39,256,830,481,100,542,97,220,934,241,951,917,1023,983,135,272,969,302,947,497,207,84,68,73,89,55,64,20,50,70,48,70,60,91,61,83,59,43,49,41,47,73,42,80,39,84,39,39,25,58,50,53,69
[1741873192.478301] [AOA] Measurement: 0,1741873192.449014,78:9a:18:7c:fa:69,2,1,2,0,128,475,300,112,118,35,975,467,799,425,953,268,900,294,840,513,137,548,101,251,989,213,959,889,1023,43,266,847,188,202,895,2,817,87,72,77,93,58,65,21,54,71,47,74,61,95,65,81,58,43,52,43,51,70,40,78,39,82,40,39,24,56,48,51,67
[1741873192.558043] [AOA] Measurement: 0,1741873192.529062,78:9a:18:7c:fa:69,2,1,2,0,128,405,278,99,104,0,926,446,800,971,107,816,103,259,804,565,166,540,83,217,943,215,930,868,18,415,1010,243,1002,222,912,439,199,94,80,81,100,59,69,24,55,69,48,75,66,97,65,87,58,50,53,47,55,76,47,87,44,84,42,41,29,60,52,56,76
[1741873192.637184] [AOA] Measurement: 0,1741873192.608833,78:9a:18:7c:fa:69,2,1,2,0,128,455,295,70,68,3,985,453,783,954,107,246,893,244,826,544,115,550,33,209,953,259,985,807,980,994,182,236,945,756,750,992,777,96,80,84,103,59,68,22,56,69,48,73,66,92,63,84,56,50,54,49,56,77,45,89,43,81,41,39,29,59,51,55,73
[1741873192.708145] [AOA] Measurement: 0,1741873192.679026,78:9a:18:7c:fa:69,2,1,2,0,128,476,325,60,88,980,976,870,542,364,881,191,854,280,818,517,94,573,68,820,174,723,88,811,1010,422,998,853,203,246,932,420,169,85,71,74,90,53,58,20,51,60,41,60,56,83,55,71,52,43,48,42,49,66,39,77,36,70,34,31,26,49,42,46,62
[1741873192.789566] [AOA] Measurement: 0,1741873192.760085,78:9a:18:7c:fa:69,2,1,2,0,128,385,239,503,885,60,1020,369,726,991,120,808,18,279,813,514,155,552,64,172,924,202,893,212,789,408,977,246,979,742,731,978,802,99,79,86,105,62,68,22,59,67,48,67,63,93,63,84,58,48,53,48,50,74,42,83,42,77,39,35,27,54,47,50,71
[1741873192.867642] [AOA] Measurement: 0,1741873192.838843,78:9a:18:7c:fa:69,2,1,2,0,128,424,285,54,59,10,990,354,746,926,127,232,864,252,800,537,158,433,10,205,931,213,902,894,33,975,145,834,133,234,881,147,937,95,78,81,100,62,70,22,58,68,48,68,67,94,66,88,61,47,50,44,52,72,45,80,44,75,42,36,30,55,47,54,68
[1741873192.939004] [AOA] Measurement: 0,1741873192.909766,78:9a:18:7c:fa:69,2,1,2,0,128,411,275,58,99,64,953,856,542,474,974,258,899,259,834,502,106,489,16,204,917,239,943,265,814,438,990,291,999,302,907,982,744,96,78,82,102,61,70,23,57,68,51,71,68,95,68,84,63,45,50,44,50,70,44,77,42,77,39,38,28,57,46,55,69
[1741873193.006712] [AOA] Measurement: 0,1741873192.978897,78:9a:18:7c:fa:69,2,1,2,0,128,421,293,94,110,66,1001,409,744,461,938,195,842,289,832,533,123,523,73,243,976,107,838,345,895,357,927,283,980,737,744,987,820,91,73,80,100,61,71,22,56,71,50,72,67,98,70,87,65,45,49,42,48,70,44,78,42,80,41,39,26,56,46,53,71
[1741873193.078763] [AOA] Measurement: 0,1741873193.049082,78:9a:18:7c:fa:69,2,1,2,0,128,365,233,96,81,1006,967,883,607,420,929,223,844,303,837,550,166,537,73,218,989,164,881,250,767,419,988,317,1022,728,708,634,421,93,75,82,98,61,70,23,57,71,52,71,66,94,69,84,64,46,50,42,47,68,42,77,42,79,41,39,27,56,48,53,70
[1741873193.670121] [AOA] Measurement: -62,1741873193.625011,00:00:00:00:00:00,0,0,0,0,0
Successfully initialized wpa_supplicant
Successfully initialized wpa_supplicant
Successfully initialized wpa_supplicant
Successfully initialized wpa_supplicant
Successfully initialized wpa_supplicant
Successfully initialized wpa_supplicant
Successfully initialized wpa_supplicant
Successfully initialized wpa_supplicant
Successfully initialized wpa_supplicant
Successfully initialized wpa_supplicant
Successfully initialized wpa_supplicant
Successfully initialized wpa_supplicant
