[1741791602.934573] [AOA] Measurement: 0,1741791602.905731,18:fd:74:45:73:4e,2,1,1,0,128,721,869,162,630,407,806,362,525,18,87,915,98,850,17,127,420,773,961,393,766,4,829,502,940,894,139,474,873,641,614,947,725,94,91,97,87,98,87,81,53,91,86,91,92,82,83,75,72,88,91,77,76,84,79,89,65,92,76,85,52,84,81,78,80
[1741791603.003139] [AOA] Measurement: 0,1741791602.974418,18:fd:74:45:73:4e,2,1,1,0,128,669,819,259,688,984,1020,823,344,483,911,271,849,254,843,622,217,785,928,454,803,509,956,1008,732,949,170,380,830,619,599,438,279,75,73,77,67,78,67,62,43,72,70,74,72,65,66,54,57,70,71,62,63,67,61,74,50,72,61,67,42,68,63,65,63
[1741791603.080180] [AOA] Measurement: 0,1741791603.050700,18:fd:74:45:73:4e,2,1,1,0,128,641,815,306,736,933,1001,407,567,43,127,815,41,302,825,617,199,240,756,996,617,589,1016,531,963,942,111,979,35,212,862,588,282,94,88,96,86,97,86,81,51,89,89,93,95,85,84,75,74,90,91,79,81,87,80,93,68,93,78,89,60,89,86,88,89
[1741791603.153595] [AOA] Measurement: 0,1741791603.124384,18:fd:74:45:73:4e,2,1,1,0,128,275,21,225,640,958,1022,848,355,990,49,856,37,276,798,639,205,815,950,456,835,518,2,510,921,938,127,1011,73,96,793,938,701,73,72,76,67,76,64,60,43,71,69,71,70,63,64,52,53,67,69,58,58,61,58,69,45,70,57,62,35,61,61,57,59
[1741791603.233152] [AOA] Measurement: 0,1741791603.204437,18:fd:74:45:73:4e,2,1,1,0,128,644,793,185,586,319,769,913,368,510,940,380,932,792,996,647,243,237,722,938,563,1007,786,2,774,923,162,924,1013,636,605,857,710,74,71,75,65,74,64,60,42,70,66,73,72,63,65,51,53,66,69,57,57,60,54,67,43,67,55,59,31,60,56,54,55
[1741791603.304853] [AOA] Measurement: 0,1741791603.275415,18:fd:74:45:73:4e,2,1,1,0,128,649,808,261,640,426,846,437,524,36,107,809,0,280,811,650,242,791,912,903,570,1010,816,1005,738,365,944,420,864,626,615,640,467,72,69,71,64,73,61,54,40,66,62,69,66,59,63,45,48,62,64,50,54,56,51,65,36,61,51,57,24,52,50,44,47
[1741791603.372236] [AOA] Measurement: 0,1741791603.344356,18:fd:74:45:73:4e,2,1,1,0,128,684,825,261,691,928,991,409,522,466,920,363,924,821,6,180,444,784,947,416,775,1004,782,8,747,434,1014,434,868,153,800,460,134,76,73,75,68,77,67,62,42,70,68,70,71,63,66,54,57,69,70,58,59,64,58,71,46,69,60,64,37,64,59,57,60
[1741791603.445384] [AOA] Measurement: 0,1741791603.414530,18:fd:74:45:73:4e,2,1,1,0,128,693,823,183,667,391,809,909,380,1018,79,854,54,787,1008,163,405,747,914,479,783,946,769,954,655,460,1001,428,869,707,649,443,161,74,71,76,67,76,67,61,42,72,68,72,71,65,65,55,55,69,70,57,58,63,58,71,47,71,57,62,36,61,58,55,56
[1741791603.510516] [AOA] Measurement: 0,1741791603.484424,18:fd:74:45:73:4e,2,1,1,0,128,710,857,218,637,350,777,887,400,36,121,842,43,818,1020,150,428,783,931,394,790,979,778,23,777,923,158,986,50,160,823,875,611,78,75,76,69,78,70,65,42,73,71,74,75,70,68,61,62,74,74,65,66,70,66,76,56,76,64,70,46,73,70,69,70
[1741791603.583871] [AOA] Measurement: 0,1741791603.554364,18:fd:74:45:73:4e,2,1,1,0,128,706,863,257,682,901,975,913,339,503,887,283,843,285,827,665,253,184,712,938,601,1000,821,516,938,308,947,941,1003,605,598,63,863,76,72,77,67,76,65,60,41,72,67,72,70,64,66,52,55,67,71,57,57,60,57,70,46,67,57,62,35,62,58,55,57
[1741791603.662871] [AOA] Measurement: 0,1741791603.634394,18:fd:74:45:73:4e,2,1,1,0,128,212,999,809,885,961,13,393,585,997,74,862,21,801,971,215,440,782,921,470,816,490,950,539,916,381,966,992,68,589,553,764,610,76,73,77,69,77,68,64,42,72,71,73,74,67,67,56,56,70,73,60,62,65,61,72,47,71,61,66,38,66,62,59,62
[1741791603.734605] [AOA] Measurement: 0,1741791603.705380,18:fd:74:45:73:4e,2,1,1,0,128,711,851,234,661,401,805,421,587,33,150,835,25,823,17,110,393,813,967,399,731,512,978,545,936,911,149,955,11,156,789,375,44,94,88,92,83,93,81,76,52,88,83,91,89,80,82,65,66,83,86,72,74,77,70,86,57,86,71,78,45,78,73,72,72
[1741791603.814232] [AOA] Measurement: 0,1741791603.784519,18:fd:74:45:73:4e,2,1,1,0,128,646,817,203,655,382,802,895,333,488,916,306,886,214,778,661,208,229,732,865,533,989,793,1002,753,360,903,421,801,667,628,588,391,92,88,92,82,94,81,75,52,87,83,88,87,78,79,67,69,84,87,72,74,76,72,86,55,84,69,73,42,76,70,65,71
[1741791603.880937] [AOA] Measurement: 0,1741791603.854388,18:fd:74:45:73:4e,2,1,1,0,128,632,815,256,680,387,832,390,567,1009,62,353,912,216,786,618,206,229,744,899,599,1001,778,953,726,384,968,468,868,603,604,896,700,93,89,95,83,94,84,77,53,88,84,90,89,79,82,69,68,87,87,75,75,82,74,87,60,88,74,84,47,80,79,75,76
[1741791603.952742] [AOA] Measurement: 0,1741791603.924397,18:fd:74:45:73:4e,2,1,1,0,128,669,836,251,677,377,793,929,391,20,107,894,73,851,25,519,146,273,788,477,798,525,989,517,948,383,1007,989,75,178,824,637,335,75,72,75,68,77,64,58,41,70,67,72,70,61,64,51,54,65,67,54,58,61,54,68,42,65,54,59,29,56,55,52,56
[1741791604.024877] [AOA] Measurement: 0,1741791603.995672,18:fd:74:45:73:4e,2,1,1,0,128,179,1010,766,873,991,21,361,527,34,124,871,70,822,16,591,188,216,742,858,564,958,780,5,757,917,124,1,105,134,820,1018,752,76,73,76,68,78,67,62,43,72,68,72,71,65,66,56,56,70,72,59,60,65,61,72,49,70,62,66,39,67,64,63,64
[1741791604.104658] [AOA] Measurement: 0,1741791604.074784,18:fd:74:45:73:4e,2,1,1,0,128,706,875,796,876,946,1017,351,550,487,911,322,898,825,999,629,196,789,943,446,780,490,960,510,935,422,1015,440,891,206,835,512,256,71,68,72,64,71,61,55,40,66,63,67,63,56,62,44,47,60,64,48,54,54,48,61,36,60,47,51,23,48,46,41,44
[1741791604.183661] [AOA] Measurement: 0,1741791604.154466,18:fd:74:45:73:4e,2,1,1,0,128,696,842,826,869,898,945,388,542,36,101,874,61,848,1016,648,234,804,959,456,779,524,995,508,939,409,1004,931,15,152,802,240,18,93,90,93,83,96,83,76,53,91,86,92,90,81,82,68,69,84,86,73,73,78,73,85,59,86,71,78,46,78,72,70,75
[1741791604.275699] [AOA] Measurement: 0,1741791604.245601,18:fd:74:45:73:4e,2,1,1,0,128,215,1018,248,671,316,782,908,379,481,958,869,78,796,992,174,411,781,923,430,796,514,985,539,924,964,161,31,91,157,804,942,617,72,70,73,66,72,64,57,40,68,64,68,63,56,61,44,45,59,62,46,51,54,45,60,33,58,46,49,21,49,44,39,44
[1741791604.342245] [AOA] Measurement: 0,1741791604.314342,18:fd:74:45:73:4e,2,1,1,0,128,208,24,772,827,995,36,373,545,515,937,872,29,830,1011,147,399,248,745,498,807,582,1015,551,919,995,191,974,36,162,811,979,687,77,73,76,68,78,68,63,42,72,70,74,71,67,66,58,58,71,72,63,64,67,63,74,51,73,64,69,45,70,67,66,66
[1741791604.414076] [AOA] Measurement: 0,1741791604.384572,18:fd:74:45:73:4e,2,1,1,0,128,685,810,271,668,359,816,847,330,492,904,284,857,265,835,611,198,819,940,882,582,482,984,958,725,361,967,378,835,555,586,248,32,71,68,72,63,72,61,55,40,69,64,70,66,59,61,49,52,65,67,54,59,60,56,70,42,66,56,61,35,62,57,57,56
[1741791604.508049] [AOA] Measurement: 0,1741791604.465629,18:fd:74:45:73:4e,2,1,1,0,128,674,832,808,865,981,1018,389,560,26,116,857,38,784,994,169,429,838,954,447,805,489,979,522,925,942,191,982,69,119,827,138,893,91,87,91,81,94,80,72,52,85,79,88,82,75,78,61,61,78,81,63,65,68,62,78,44,76,61,66,29,63,59,53,58
[1741791604.585047] [AOA] Measurement: 0,1741791604.555639,18:fd:74:45:73:4e,2,1,1,0,128,181,15,762,852,964,1009,446,582,9,84,913,67,846,1013,172,443,817,939,449,818,540,1003,506,895,968,165,967,56,190,822,878,570,74,70,73,67,76,64,59,42,69,67,71,69,62,65,51,53,67,69,57,60,62,60,70,44,67,57,61,36,62,58,53,57
[1741791604.652572] [AOA] Measurement: 0,1741791604.624356,18:fd:74:45:73:4e,2,1,1,0,128,661,794,312,717,909,969,933,368,1015,73,891,59,817,1009,627,192,840,956,445,747,990,781,19,766,413,1007,984,26,169,824,1015,745,73,67,74,63,73,61,57,40,66,63,69,65,59,62,45,49,63,65,50,53,54,48,63,35,58,50,54,24,51,49,43,48
[1741791604.724030] [AOA] Measurement: 0,1741791604.694489,18:fd:74:45:73:4e,2,1,1,0,128,164,1000,758,872,941,2,823,306,431,885,275,846,261,810,642,233,818,940,394,747,549,1014,512,934,954,137,971,56,628,613,403,209,72,69,74,66,74,64,59,40,68,65,71,68,61,63,47,51,64,65,52,55,57,53,65,38,62,52,57,26,55,53,51,55
[1741791604.804584] [AOA] Measurement: 0,1741791604.775499,18:fd:74:45:73:4e,2,1,1,0,128,656,820,251,680,951,986,413,576,2,86,280,875,216,767,691,239,264,746,873,550,980,784,14,758,968,162,956,9,692,660,691,456,74,71,74,67,78,66,60,42,71,68,70,68,66,66,53,55,68,71,58,58,62,57,69,46,67,57,63,36,62,59,56,59
[1741791604.882773] [AOA] Measurement: 0,1741791604.854505,18:fd:74:45:73:4e,2,1,1,0,128,702,846,285,691,329,783,889,355,467,900,352,885,267,818,619,169,274,752,917,583,988,785,945,723,387,976,431,859,670,624,787,552,72,70,74,65,75,63,58,41,69,67,70,67,60,63,50,51,66,67,54,58,61,55,67,42,66,56,61,32,58,55,53,54
[1741791604.953980] [AOA] Measurement: 0,1741791604.924476,18:fd:74:45:73:4e,2,1,1,0,128,649,870,806,868,350,815,864,352,985,57,803,10,785,1003,591,206,219,701,902,581,932,701,40,757,286,957,475,887,613,609,593,383,94,87,95,85,98,89,81,51,89,87,92,94,85,83,77,76,92,90,80,80,87,83,93,69,93,80,87,57,89,85,85,86
[1741791605.025721] [AOA] Measurement: 0,1741791604.996317,18:fd:74:45:73:4e,2,1,1,0,128,688,831,154,636,401,844,776,312,35,116,284,861,237,782,614,185,245,737,956,611,985,822,536,903,412,994,399,852,674,642,844,567,73,69,73,67,74,63,59,40,69,66,69,69,63,64,49,53,66,67,55,56,59,55,65,39,64,49,55,26,54,47,45,47
[1741791605.092736] [AOA] Measurement: 0,1741791605.064412,18:fd:74:45:73:4e,2,1,1,0,128,658,811,237,701,383,811,905,392,1018,85,863,67,823,1010,657,244,799,893,930,601,984,788,569,945,929,170,1003,27,155,818,865,608,74,70,76,67,77,67,62,43,72,70,73,73,65,66,55,57,68,72,60,60,64,59,71,48,70,60,65,38,63,60,58,62
[1741791605.164019] [AOA] Measurement: 0,1741791605.134517,18:fd:74:45:73:4e,2,1,1,0,128,672,854,776,851,1003,30,400,510,511,936,820,56,868,10,113,389,807,925,470,761,460,921,32,786,391,1015,12,72,171,854,702,382,94,89,94,83,95,85,78,53,92,88,92,93,82,83,71,73,89,88,77,77,84,79,90,65,90,75,83,51,83,79,79,80
[1741791605.230482] [AOA] Measurement: 0,1741791605.204348,18:fd:74:45:73:4e,2,1,1,0,128,727,830,277,685,910,0,391,555,990,76,856,36,824,982,131,408,762,924,459,766,985,796,14,752,976,182,920,1007,650,666,316,7,95,91,93,86,96,83,77,51,90,86,91,90,83,84,70,71,89,89,78,76,81,78,91,63,89,76,81,52,83,79,77,79
[1741791605.312296] [AOA] Measurement: 0,1741791605.275639,18:fd:74:45:73:4e,2,1,1,0,128,689,835,812,868,906,978,874,353,482,884,328,878,342,861,648,207,797,883,963,625,1001,823,38,767,409,992,475,844,692,667,650,375,93,89,95,85,95,83,78,54,88,85,90,92,81,82,70,69,86,87,74,76,80,75,90,60,86,75,81,50,80,76,74,77
[1741791605.382331] [AOA] Measurement: 0,1741791605.354388,18:fd:74:45:73:4e,2,1,1,0,128,661,823,233,644,343,811,865,330,511,901,319,878,292,797,611,204,173,685,889,537,34,795,982,741,425,989,412,837,628,612,643,464,72,71,75,67,76,64,60,43,71,66,70,69,60,64,51,51,65,69,55,58,60,54,67,42,66,53,58,31,57,56,53,54
[1741791605.455607] [AOA] Measurement: 0,1741791605.425729,18:fd:74:45:73:4e,2,1,1,0,128,706,840,208,626,347,800,835,336,471,872,353,913,273,839,182,454,800,936,403,779,471,959,546,942,375,938,446,867,101,810,152,957,76,73,76,68,79,69,65,42,73,71,75,73,68,67,59,59,71,72,63,64,67,64,73,52,73,63,69,43,68,65,65,66
[1741791605.534726] [AOA] Measurement: 0,1741791605.495784,18:fd:74:45:73:4e,2,1,1,0,128,188,1,253,661,339,793,860,291,469,934,365,909,842,53,143,442,784,943,449,782,510,978,557,940,991,185,966,25,196,818,88,789,72,70,73,64,74,64,55,40,69,65,69,66,61,63,44,49,61,63,49,53,55,49,63,35,62,50,55,25,52,49,47,47
[1741791605.605020] [AOA] Measurement: 0,1741791605.575620,18:fd:74:45:73:4e,2,1,1,0,128,729,858,174,637,360,794,883,379,531,950,825,68,850,4,175,406,845,976,413,774,982,779,977,710,388,991,430,864,139,843,162,934,96,90,97,84,96,87,80,52,91,89,93,93,84,82,72,72,90,90,79,79,84,80,92,66,91,76,83,52,84,81,81,82
[1741791605.684012] [AOA] Measurement: 0,1741791605.654539,18:fd:74:45:73:4e,2,1,1,0,128,697,797,275,704,366,774,902,345,433,904,280,841,312,879,633,220,213,724,888,577,932,757,8,729,405,973,408,858,660,652,251,121,73,69,76,66,77,65,62,42,71,69,72,70,65,65,51,55,67,70,57,59,63,57,69,44,67,57,63,34,61,59,57,59
[1741791605.762268] [AOA] Measurement: 0,1741791605.734420,18:fd:74:45:73:4e,2,1,1,0,128,670,813,249,630,405,814,877,354,4,116,880,85,779,1004,144,369,751,923,409,774,9,796,995,798,937,175,998,40,161,816,595,392,72,70,74,64,73,64,58,41,68,65,69,67,60,63,45,51,63,66,53,54,58,53,67,39,64,55,57,30,57,53,49,53
[1741791605.835490] [AOA] Measurement: 0,1741791605.805746,18:fd:74:45:73:4e,2,1,1,0,128,630,803,309,701,910,991,401,589,1018,106,853,34,798,999,625,225,776,895,459,810,548,982,566,957,998,179,937,19,123,825,966,727,76,71,76,68,78,67,62,42,70,67,73,73,66,67,55,57,69,71,62,62,65,61,73,50,70,60,65,38,65,62,60,60
[1741791605.902282] [AOA] Measurement: 0,1741791605.874459,18:fd:74:45:73:4e,2,1,1,0,128,200,12,709,809,902,979,375,531,57,124,906,56,862,1,199,436,828,951,476,802,507,1014,531,944,975,201,1001,71,167,839,694,362,74,70,73,66,72,63,57,41,66,62,67,65,56,61,45,48,60,64,48,52,52,47,61,32,59,49,52,21,50,46,41,41
[1741791605.974260] [AOA] Measurement: 0,1741791605.944576,18:fd:74:45:73:4e,2,1,1,0,128,197,992,803,861,379,827,877,369,476,926,298,860,787,952,670,241,234,702,943,610,552,980,511,891,400,966,445,850,193,789,311,24,93,88,94,85,94,85,78,52,91,87,93,92,82,81,72,70,88,89,77,76,83,75,89,64,89,75,80,50,83,78,77,78
[1741791606.065304] [AOA] Measurement: 0,1741791606.020303,18:fd:74:45:73:4e,2,1,1,0,128,278,24,794,884,941,1016,830,353,53,128,842,14,803,1020,636,242,260,741,447,789,508,959,980,698,409,988,417,880,583,567,651,400,68,67,72,61,71,59,54,40,66,62,66,64,57,60,43,47,59,65,49,52,52,48,62,33,59,50,54,24,50,46,43,47
[1741791606.132003] [AOA] Measurement: 0,1741791606.104380,18:fd:74:45:73:4e,2,1,1,0,128,246,24,812,855,972,1020,380,550,28,100,850,65,262,803,615,194,299,764,479,801,553,1006,531,911,468,5,8,114,201,835,201,828,72,68,72,64,72,60,54,39,66,61,67,64,58,60,42,48,61,63,47,52,51,47,59,32,56,45,49,18,44,43,37,39
[1741791606.204032] [AOA] Measurement: 0,1741791606.174559,18:fd:74:45:73:4e,2,1,1,0,128,688,852,197,668,983,1019,389,560,38,129,833,29,830,996,161,440,749,916,923,623,964,808,12,784,954,148,970,32,135,806,631,375,94,89,94,83,96,84,77,51,90,85,89,90,82,82,69,70,87,88,75,74,80,74,87,60,88,74,80,47,79,74,73,74
[1741791606.291822] [AOA] Measurement: 0,1741791606.255621,18:fd:74:45:73:4e,2,1,1,0,128,632,793,258,679,343,804,891,368,30,133,806,27,799,983,643,229,229,731,469,820,483,973,464,903,389,999,443,875,142,804,995,784,72,69,74,65,74,63,58,40,68,66,71,67,62,63,48,53,64,66,54,55,58,53,66,38,61,53,58,31,55,52,47,52
[1741791606.365561] [AOA] Measurement: 0,1741791606.335625,18:fd:74:45:73:4e,2,1,1,0,128,630,827,791,900,873,996,838,329,513,892,333,892,246,805,635,204,264,730,892,578,935,767,1017,743,377,927,404,837,644,595,885,770,95,89,94,85,96,85,78,52,89,87,90,91,84,83,73,72,89,90,78,78,82,78,91,64,89,77,85,52,85,78,79,78
[1741791606.432715] [AOA] Measurement: 0,1741791606.404381,18:fd:74:45:73:4e,2,1,1,0,128,705,851,245,673,373,792,900,376,473,923,889,78,868,15,143,385,809,947,431,770,576,987,996,742,362,942,411,822,631,610,835,582,70,68,72,64,72,61,56,40,64,61,66,65,58,60,44,48,61,62,47,52,52,47,62,34,58,49,52,21,50,48,42,44
[1741791606.504927] [AOA] Measurement: 0,1741791606.475445,18:fd:74:45:73:4e,2,1,1,0,128,703,836,229,677,322,805,887,401,452,883,276,891,269,797,683,266,192,700,986,613,962,780,6,733,337,934,378,840,594,564,52,968,76,71,76,67,77,67,62,41,71,68,74,71,65,66,55,56,68,71,59,59,62,56,68,46,67,57,63,35,62,59,55,59
[1741791606.584393] [AOA] Measurement: 0,1741791606.554531,18:fd:74:45:73:4e,2,1,1,0,128,674,772,258,660,402,820,443,569,28,83,835,42,840,994,116,408,879,999,448,807,493,962,979,721,404,985,972,75,160,820,532,279,72,70,73,65,74,63,57,41,70,65,70,68,60,63,51,52,65,69,53,56,59,53,67,41,66,55,59,30,59,56,51,52
[1741791606.664072] [AOA] Measurement: 0,1741791606.634693,18:fd:74:45:73:4e,2,1,1,0,128,712,831,230,668,372,798,863,341,476,933,822,2,245,817,640,243,785,958,413,787,592,10,550,954,939,150,974,22,155,786,959,736,70,68,70,64,72,59,53,39,65,60,66,64,56,61,41,45,59,62,43,50,51,44,57,31,56,47,50,21,48,44,39,43
[1741791606.754915] [AOA] Measurement: 0,1741791606.725583,18:fd:74:45:73:4e,2,1,1,0,128,178,1001,777,886,858,963,435,565,22,73,848,27,785,960,636,207,795,940,509,806,508,1006,533,940,983,185,985,10,169,784,103,750,79,76,79,70,81,72,65,43,76,71,77,75,68,68,56,58,72,74,61,64,68,60,72,49,73,61,65,36,65,62,59,59
[1741791606.822264] [AOA] Measurement: 0,1741791606.794505,18:fd:74:45:73:4e,2,1,1,0,128,749,844,253,668,379,796,920,388,36,126,839,10,826,1016,103,368,280,802,389,745,966,767,17,748,444,972,986,19,169,780,887,614,95,89,95,85,94,84,78,52,89,86,90,89,82,82,70,69,86,87,74,76,81,73,88,58,87,74,82,47,78,77,75,74
[1741791606.894179] [AOA] Measurement: 0,1741791606.864554,18:fd:74:45:73:4e,2,1,1,0,128,657,789,235,621,382,816,880,357,472,940,861,45,843,0,606,205,233,749,955,629,962,777,567,959,384,975,398,822,603,576,1023,826,77,73,77,68,77,68,64,42,73,68,75,73,66,65,56,58,71,71,61,61,66,61,73,52,72,63,67,40,68,64,62,64
[1741791606.982140] [AOA] Measurement: 0,1741791606.945596,18:fd:74:45:73:4e,2,1,1,0,128,685,843,238,655,333,814,811,276,425,876,316,853,222,784,592,160,246,713,918,568,1013,782,1020,762,356,950,391,839,628,595,309,136,96,90,94,86,96,88,81,52,91,89,93,94,85,83,77,78,92,90,83,81,88,84,92,72,95,81,88,61,92,86,86,88
[1741791607.052267] [AOA] Measurement: 0,1741791607.024380,18:fd:74:45:73:4e,2,1,1,0,128,641,819,752,821,898,990,352,501,486,931,324,895,275,830,683,258,790,928,486,792,539,965,28,744,405,992,1008,71,109,774,597,295,92,89,92,83,94,81,76,51,89,82,88,88,80,79,65,68,84,84,68,71,75,67,83,51,81,67,73,38,73,68,63,67
[1741791607.124090] [AOA] Measurement: 0,1741791607.094513,18:fd:74:45:73:4e,2,1,1,0,128,165,996,877,905,995,6,413,565,1004,87,873,44,799,967,639,259,789,933,416,789,518,994,537,886,971,158,923,29,156,801,952,586,74,73,77,68,78,66,64,42,73,70,73,71,64,65,55,55,68,71,60,59,67,60,71,49,69,61,66,39,66,63,61,65
[1741791607.190560] [AOA] Measurement: 0,1741791607.164341,18:fd:74:45:73:4e,2,1,1,0,128,702,823,171,631,411,830,924,390,13,111,828,6,752,974,609,204,212,729,866,557,968,768,56,816,937,163,1009,57,142,787,450,202,72,69,74,67,75,62,57,39,67,63,70,66,60,62,45,50,61,65,49,54,56,49,61,35,59,49,53,24,53,48,44,47
[1741791607.264432] [AOA] Measurement: 0,1741791607.234384,18:fd:74:45:73:4e,2,1,1,0,128,658,811,248,689,376,804,876,339,506,940,319,875,254,831,154,409,281,741,922,575,978,758,558,929,1001,196,924,15,181,791,100,910,95,89,94,84,97,82,78,53,88,86,92,90,84,81,69,70,87,88,74,74,79,74,89,60,89,73,80,48,82,76,76,76
[1741791607.342840] [AOA] Measurement: 0,1741791607.314355,18:fd:74:45:73:4e,2,1,1,0,128,216,28,817,847,941,1013,426,581,44,120,882,72,861,8,141,399,249,736,944,630,567,8,585,969,994,165,1012,54,180,826,133,808,94,90,96,85,95,86,77,52,90,84,92,91,81,83,70,71,88,89,76,78,83,76,90,60,86,74,83,50,83,78,78,78
[1741791607.414819] [AOA] Measurement: 0,1741791607.385620,18:fd:74:45:73:4e,2,1,1,0,128,698,874,293,706,929,1008,404,565,41,114,839,60,862,40,114,374,261,737,941,621,969,786,27,762,960,161,962,53,621,579,3,762,74,70,75,66,76,64,59,41,71,67,73,70,64,64,55,54,67,70,57,59,62,57,68,44,67,57,61,33,59,55,54,56
[1741791607.482621] [AOA] Measurement: 0,1741791607.454370,18:fd:74:45:73:4e,2,1,1,0,128,662,814,226,669,945,1013,838,309,509,921,861,61,840,1020,196,422,822,938,398,772,566,981,529,917,979,178,1016,101,155,796,210,968,94,87,92,83,96,82,76,51,89,85,89,89,78,80,66,68,85,87,71,74,78,70,85,56,85,73,79,44,75,73,71,71
[1741791607.553957] [AOA] Measurement: 0,1741791607.524480,18:fd:74:45:73:4e,2,1,1,0,128,723,858,236,674,436,834,849,337,468,883,337,874,305,840,652,196,233,720,926,612,521,991,558,933,932,139,988,16,168,813,347,60,73,70,74,65,72,62,56,40,68,63,70,66,58,62,44,48,61,65,49,54,56,49,62,36,62,51,55,26,51,50,46,48
[1741791607.621676] [AOA] Measurement: 0,1741791607.594372,18:fd:74:45:73:4e,2,1,1,0,128,696,860,219,635,377,812,916,382,521,910,283,881,272,811,631,186,266,771,853,537,1016,789,46,798,347,946,452,872,617,605,550,314,75,72,77,68,77,69,64,42,74,69,74,75,67,67,58,58,72,73,64,63,68,65,74,53,75,64,70,45,70,69,68,71
[1741791607.692605] [AOA] Measurement: 0,1741791607.664346,18:fd:74:45:73:4e,2,1,1,0,128,681,823,279,716,364,832,392,550,445,909,277,845,277,798,600,211,275,779,889,602,984,796,4,772,908,128,1002,56,108,751,828,625,92,88,95,83,97,83,75,52,89,83,90,90,81,82,66,68,81,86,71,75,76,73,87,59,87,74,80,46,77,76,73,76
[1741791607.764851] [AOA] Measurement: 0,1741791607.735740,18:fd:74:45:73:4e,2,1,1,0,128,656,821,245,680,361,793,924,413,24,91,910,87,795,992,165,426,737,878,471,815,515,971,556,924,987,157,974,36,162,839,270,23,76,75,78,68,78,68,64,42,73,71,74,74,68,66,59,60,72,71,63,64,69,63,74,52,73,63,68,45,70,69,67,69
[1741791607.832697] [AOA] Measurement: 0,1741791607.804429,18:fd:74:45:73:4e,2,1,1,0,128,687,814,781,874,975,32,419,585,984,54,829,19,275,844,594,217,194,720,959,605,981,802,997,748,396,974,438,882,575,553,705,482,75,70,74,66,77,66,60,42,70,69,73,70,66,66,54,56,68,71,59,60,66,60,71,48,70,60,65,38,67,62,61,62
[1741791607.904902] [AOA] Measurement: 0,1741791607.875360,18:fd:74:45:73:4e,2,1,1,0,128,186,1018,861,908,918,1021,441,598,10,123,828,28,785,960,212,463,832,949,439,779,521,947,455,869,991,168,979,57,186,837,921,653,75,70,74,68,76,64,60,41,69,67,71,69,61,64,50,51,63,66,55,56,58,52,64,40,64,51,56,27,56,50,49,51
[1741791607.972439] [AOA] Measurement: 0,1741791607.944411,18:fd:74:45:73:4e,2,1,1,0,128,666,798,278,663,413,850,406,559,24,83,889,86,836,1018,129,371,855,960,433,778,542,991,583,955,901,151,467,912,186,842,130,876,75,71,74,67,76,67,62,42,73,69,74,73,67,68,56,58,71,72,61,63,67,61,72,49,71,62,68,41,67,62,62,65
[1741791608.043835] [AOA] Measurement: 0,1741791608.014465,18:fd:74:45:73:4e,2,1,1,0,128,726,864,811,886,944,0,402,551,1013,89,881,41,792,1005,170,388,800,914,981,644,991,805,959,681,401,1006,1000,51,600,605,345,111,95,87,95,85,96,83,76,51,89,83,87,87,80,81,67,67,84,87,73,74,76,71,86,54,82,71,77,42,74,70,67,70
[1741791608.123755] [AOA] Measurement: 0,1741791608.094320,18:fd:74:45:73:4e,2,1,1,0,128,198,19,842,917,946,6,416,598,28,117,862,59,861,28,179,462,834,947,384,781,535,1003,610,997,937,161,1008,46,204,854,1013,767,95,88,95,84,98,87,81,53,90,88,92,94,86,84,75,74,92,90,80,80,87,81,93,68,92,81,85,58,89,84,85,85
[1741791608.199956] [AOA] Measurement: 0,1741791608.170730,18:fd:74:45:73:4e,2,1,1,0,128,224,23,793,858,976,996,446,599,998,63,919,83,838,35,140,439,786,918,481,769,966,781,25,750,967,188,973,34,222,851,605,236,95,91,93,84,98,85,80,53,89,88,91,92,83,81,72,73,91,91,78,77,82,79,91,65,91,78,86,54,86,83,82,85
[1741791608.275042] [AOA] Measurement: 0,1741791608.245574,18:fd:74:45:73:4e,2,1,1,0,128,717,857,796,916,892,959,438,576,28,91,818,7,875,27,170,422,776,934,464,802,531,1000,507,920,424,1016,460,870,208,849,531,239,93,88,94,84,97,86,81,52,90,84,91,91,82,82,71,71,87,89,76,78,82,76,89,64,90,77,85,50,85,80,77,82
[1741791608.342864] [AOA] Measurement: 0,1741791608.314465,18:fd:74:45:73:4e,2,1,1,0,128,712,835,240,683,916,994,865,353,482,956,291,860,270,821,657,238,253,783,451,797,497,947,514,928,935,138,1007,43,177,814,1018,781,73,70,73,65,73,66,59,42,70,67,69,68,63,62,50,52,65,68,54,57,60,55,67,43,66,55,60,31,57,56,54,56
[1741791608.414102] [AOA] Measurement: 0,1741791608.384568,18:fd:74:45:73:4e,2,1,1,0,128,181,4,763,812,919,1006,831,334,489,928,860,34,240,821,643,225,781,896,460,811,483,1002,545,934,951,142,970,54,137,788,809,530,71,68,70,63,72,61,55,40,67,63,70,65,57,62,44,49,62,63,47,53,54,47,62,35,59,51,55,24,51,49,44,47
[1741791608.480853] [AOA] Measurement: 0,1741791608.454359,18:fd:74:45:73:4e,2,1,1,0,128,677,825,244,684,374,844,866,323,468,923,265,834,331,859,209,460,777,921,393,740,1014,804,537,928,366,958,426,844,583,568,998,770,93,88,92,85,95,83,78,51,90,86,92,90,80,82,70,71,86,88,74,75,79,74,88,59,86,72,81,45,79,76,73,73
[1741791608.552676] [AOA] Measurement: 0,1741791608.524359,18:fd:74:45:73:4e,2,1,1,0,128,685,828,241,652,455,839,339,516,14,79,851,18,281,842,616,214,246,773,437,817,992,786,4,770,431,996,975,1015,605,617,436,240,74,69,74,66,75,62,58,39,70,66,70,67,60,64,49,52,66,67,53,57,59,55,66,39,63,53,57,29,57,51,48,52
[1741791608.625297] [AOA] Measurement: 0,1741791608.595724,18:fd:74:45:73:4e,2,1,1,0,128,694,845,795,849,387,843,891,367,25,89,854,48,832,24,173,457,797,914,463,804,484,955,546,942,371,970,412,860,630,615,757,482,96,88,96,86,96,87,80,53,90,88,92,93,83,82,73,72,89,89,77,79,84,79,90,64,92,76,85,54,86,80,81,81
[1741791608.705026] [AOA] Measurement: 0,1741791608.675565,18:fd:74:45:73:4e,2,1,1,0,128,656,795,234,676,931,1001,421,554,411,854,272,868,275,810,622,224,284,770,915,569,21,814,1,754,407,1009,994,55,146,788,6,768,76,73,77,68,77,68,62,42,72,69,74,72,66,66,56,58,70,72,62,62,68,62,71,51,72,61,66,39,67,63,61,63
[1741791608.783879] [AOA] Measurement: 0,1741791608.754538,18:fd:74:45:73:4e,2,1,1,0,128,674,808,794,871,397,797,857,362,503,950,837,4,824,1,159,406,787,936,411,764,985,764,551,971,917,149,437,837,640,633,707,430,93,88,94,85,95,85,79,52,89,84,89,88,81,82,68,69,85,87,72,76,81,74,88,57,85,74,81,46,79,76,74,74
[1741791608.863635] [AOA] Measurement: 0,1741791608.834366,18:fd:74:45:73:4e,2,1,1,0,128,714,886,839,931,857,998,486,575,1023,86,889,58,843,1018,182,421,797,945,492,842,561,995,587,959,892,140,996,62,132,812,76,746,90,88,93,82,94,82,73,52,87,82,87,83,74,79,60,61,80,82,66,67,73,66,81,48,77,65,70,34,66,64,58,61
[1741791608.935494] [AOA] Measurement: 0,1741791608.905737,18:fd:74:45:73:4e,2,1,1,0,128,702,831,275,686,326,780,926,403,497,897,304,894,275,800,601,203,277,776,899,565,508,998,570,947,892,136,997,29,161,810,115,857,94,86,94,84,95,83,78,52,89,86,89,89,81,81,68,70,85,86,73,75,79,73,87,56,85,74,81,46,79,73,73,76
[1741791609.019519] [AOA] Measurement: 0,1741791608.989993,18:fd:74:45:73:4e,2,1,1,0,128,176,991,737,819,917,987,437,585,43,136,880,69,810,13,165,424,793,901,886,608,984,813,531,916,360,944,469,901,157,823,881,590,69,67,71,64,72,58,51,38,64,60,65,63,55,59,40,47,58,61,46,50,51,45,58,29,56,45,49,19,44,42,36,37
[1741791609.094521] [AOA] Measurement: 0,1741791609.064505,18:fd:74:45:73:4e,2,1,1,0,128,225,16,784,861,906,987,378,523,513,943,823,4,292,818,161,416,826,933,467,768,0,804,541,916,939,161,1012,32,174,827,824,502,93,88,94,83,97,86,79,52,89,87,91,92,83,82,71,73,90,89,78,78,83,78,90,65,91,76,84,52,85,82,81,80
[1741791609.160566] [AOA] Measurement: 0,1741791609.134444,18:fd:74:45:73:4e,2,1,1,0,128,669,844,807,866,935,994,846,305,509,953,261,881,266,821,639,230,256,750,935,554,1004,821,3,727,937,142,993,29,179,840,413,142,75,71,76,67,76,65,62,42,71,67,74,71,65,66,53,56,70,70,59,60,64,61,71,50,72,59,66,39,66,62,61,61
[1741791609.232612] [AOA] Measurement: 0,1741791609.204381,18:fd:74:45:73:4e,2,1,1,0,128,236,22,737,856,341,804,861,354,19,100,867,77,795,1006,175,432,804,935,890,608,954,737,11,743,388,1009,952,21,134,765,305,1019,73,70,74,65,75,63,57,40,70,65,72,68,61,63,52,53,67,69,56,60,61,56,70,44,67,58,61,34,62,58,56,58
[1741791609.305504] [AOA] Measurement: 0,1741791609.275679,18:fd:74:45:73:4e,2,1,1,0,128,646,823,261,697,965,1021,909,393,502,930,859,73,813,1013,201,438,795,930,488,839,513,958,564,942,950,126,407,892,142,779,191,933,95,90,95,85,96,84,77,53,89,87,91,91,81,82,71,71,84,88,76,78,81,74,88,62,88,76,80,48,81,77,75,77
[1741791609.372283] [AOA] Measurement: 0,1741791609.344357,18:fd:74:45:73:4e,2,1,1,0,128,731,847,161,616,401,832,878,348,495,958,849,37,820,4,162,439,776,939,437,788,973,770,510,917,968,206,989,57,129,788,842,573,74,71,75,66,73,65,58,42,71,67,71,71,63,65,54,53,67,69,58,60,63,57,70,46,68,58,63,35,62,57,56,58
[1741791609.444029] [AOA] Measurement: 0,1741791609.414520,18:fd:74:45:73:4e,2,1,1,0,128,201,32,785,833,958,1009,361,560,14,114,810,33,828,26,179,449,760,884,485,827,477,959,532,934,414,1007,997,58,145,789,445,201,75,73,76,68,77,68,65,41,73,70,74,74,68,67,59,59,73,73,63,63,69,64,73,53,75,63,69,42,69,66,65,67
[1741791609.510913] [AOA] Measurement: 0,1741791609.484430,18:fd:74:45:73:4e,2,1,1,0,128,707,852,247,673,968,13,383,525,84,128,853,16,239,833,682,269,838,934,425,806,509,979,530,953,899,123,970,36,188,824,806,560,70,66,68,62,70,59,53,41,66,61,67,63,57,62,42,47,58,61,44,49,49,43,57,29,54,45,49,17,42,41,36,39
[1741791609.582828] [AOA] Measurement: 0,1741791609.554410,18:fd:74:45:73:4e,2,1,1,0,128,165,988,781,834,370,825,916,349,474,921,308,842,322,864,148,405,805,934,469,789,518,985,527,944,893,96,383,824,638,616,978,780,72,70,74,65,73,62,55,42,68,63,68,66,60,63,48,49,61,64,51,53,56,50,64,38,62,51,55,28,54,51,50,49
[1741791609.655315] [AOA] Measurement: 0,1741791609.625380,18:fd:74:45:73:4e,2,1,1,0,128,663,815,263,686,365,801,851,337,515,949,343,892,836,1023,650,245,809,891,930,614,501,929,999,745,372,1016,419,862,643,607,651,458,95,89,94,84,98,84,78,53,89,86,89,91,80,83,72,71,89,87,76,77,83,78,89,62,88,75,84,51,85,78,78,77
[1741791609.722736] [AOA] Measurement: 0,1741791609.694529,18:fd:74:45:73:4e,2,1,1,0,128,644,813,240,692,911,1021,389,543,1005,90,891,86,795,1004,656,241,175,680,961,607,939,732,985,740,341,935,449,884,634,617,375,170,72,70,74,65,74,65,59,41,70,66,70,69,61,64,47,51,65,66,51,57,57,52,64,38,63,54,58,27,55,53,49,50
[1741791609.793905] [AOA] Measurement: 0,1741791609.764544,18:fd:74:45:73:4e,2,1,1,0,128,699,811,784,844,915,1004,816,311,527,950,860,41,832,1017,137,416,784,956,870,542,996,736,33,777,382,966,5,16,118,795,326,94,74,70,77,67,75,65,61,41,71,67,72,72,64,65,52,54,67,69,58,58,62,57,68,43,67,58,61,35,63,56,55,58
[1741791609.873610] [AOA] Measurement: 0,1741791609.844336,18:fd:74:45:73:4e,2,1,1,0,128,683,835,812,856,879,965,364,519,0,92,883,35,800,1013,641,244,792,915,474,798,528,984,535,953,1001,180,986,32,641,599,550,335,74,69,74,65,74,65,59,41,72,67,71,69,62,64,51,51,65,68,56,58,59,55,67,43,67,53,59,32,59,54,52,55
[1741791609.953026] [AOA] Measurement: 0,1741791609.924405,18:fd:74:45:73:4e,2,1,1,0,128,647,823,222,622,944,993,420,576,43,132,890,53,828,1005,142,428,767,938,470,794,526,989,539,911,972,194,989,92,180,855,790,407,94,88,96,85,98,85,78,54,89,86,91,91,82,83,70,72,88,88,78,77,79,77,91,65,90,77,85,52,86,82,81,80
[1741791610.024979] [AOA] Measurement: 0,1741791609.994461,18:fd:74:45:73:4e,2,1,1,0,128,667,791,205,658,425,823,863,363,441,899,325,877,249,812,649,237,246,718,928,617,533,1017,992,730,391,979,426,857,625,602,345,179,73,72,77,66,77,65,60,41,71,66,73,71,63,65,53,54,69,70,58,60,63,57,69,46,69,58,65,35,60,59,56,58
[1741791610.090928] [AOA] Measurement: 0,1741791610.064340,18:fd:74:45:73:4e,2,1,1,0,128,605,762,250,660,429,834,338,514,450,919,880,92,825,1005,172,426,778,929,419,764,471,921,16,797,1002,186,3,84,154,789,536,222,75,71,75,66,75,66,60,42,71,67,72,69,62,65,51,54,67,68,58,57,60,58,67,45,70,57,63,34,60,59,56,59
[1741791610.164342] [AOA] Measurement: 0,1741791610.135786,18:fd:74:45:73:4e,2,1,1,0,128,156,5,782,832,943,1015,810,306,543,964,881,50,818,1021,161,426,818,936,351,739,55,849,594,992,938,147,970,31,164,837,632,341,76,70,76,67,76,67,60,42,71,67,71,70,62,65,52,54,66,69,57,57,61,55,67,43,68,56,62,32,61,57,54,55
[1741791610.231322] [AOA] Measurement: 0,1741791610.205577,18:fd:74:45:73:4e,2,1,1,0,128,664,844,222,622,376,824,858,354,1010,79,862,18,871,8,140,411,769,897,440,799,1016,764,1004,736,407,969,25,73,151,796,777,567,75,72,76,67,77,66,63,41,71,68,72,72,64,64,55,56,68,71,60,62,66,60,71,49,71,60,65,38,67,61,60,62
[1741791610.302393] [AOA] Measurement: 0,1741791610.274465,18:fd:74:45:73:4e,2,1,1,0,128,646,827,245,670,414,811,826,320,519,953,850,75,772,957,673,230,216,727,930,575,1013,774,5,724,418,953,410,855,572,558,882,740,74,71,74,66,76,64,58,41,69,68,74,69,62,65,50,51,63,68,54,58,59,52,67,41,66,52,57,31,57,54,52,52
[1741791610.373964] [AOA] Measurement: 0,1741791610.344521,18:fd:74:45:73:4e,2,1,1,0,128,695,839,255,662,937,1002,903,364,1001,51,873,78,249,819,604,218,250,737,862,567,992,799,519,925,949,158,989,41,144,796,589,358,95,90,96,85,99,89,82,52,92,89,91,95,86,84,76,75,93,90,81,80,88,83,94,70,93,81,88,59,91,87,88,90
[1741791610.453608] [AOA] Measurement: 0,1741791610.424295,18:fd:74:45:73:4e,2,1,1,0,128,646,817,235,693,341,804,925,383,496,934,906,87,801,1009,219,486,792,890,478,808,502,2,508,928,925,163,966,18,627,642,435,102,72,70,72,63,73,62,57,40,67,61,68,63,57,61,43,45,57,64,47,50,51,48,59,32,57,48,52,21,47,47,43,44
[1741791610.533648] [AOA] Measurement: 0,1741791610.504446,18:fd:74:45:73:4e,2,1,1,0,128,255,42,767,858,958,1005,443,639,30,132,884,45,876,65,184,442,840,958,500,831,555,1007,555,943,993,210,978,59,239,900,348,929,74,70,75,65,73,63,58,40,70,65,70,68,60,63,47,51,64,65,53,56,58,53,67,39,63,54,58,28,55,51,49,53
[1741791610.604839] [AOA] Measurement: 0,1741791610.575685,18:fd:74:45:73:4e,2,1,1,0,128,296,75,835,892,897,2,418,566,68,123,845,39,868,28,155,433,810,961,467,853,542,982,588,968,969,183,1000,81,138,801,844,388,70,69,71,62,71,60,54,38,65,61,67,64,57,60,41,47,59,63,46,51,52,46,61,35,60,47,50,22,51,46,41,44
[1741791610.683531] [AOA] Measurement: 0,1741791610.654470,18:fd:74:45:73:4e,2,1,1,0,128,678,820,234,719,381,827,881,369,28,118,843,63,828,10,97,382,208,701,921,593,959,799,992,700,410,960,401,849,99,815,605,346,71,69,74,65,75,65,60,43,70,67,71,69,63,65,51,54,67,68,56,57,59,57,68,42,67,55,59,32,59,56,55,55
[1741791610.763745] [AOA] Measurement: 0,1741791610.734361,18:fd:74:45:73:4e,2,1,1,0,128,185,0,750,840,911,1007,404,559,41,116,909,69,827,1007,154,403,802,883,911,587,986,761,555,937,369,975,491,920,137,795,462,128,94,89,93,85,95,83,77,52,91,85,90,89,80,80,67,69,83,87,70,73,78,70,84,55,84,69,75,41,76,71,67,69
[1741791610.835913] [AOA] Measurement: 0,1741791610.805961,18:fd:74:45:73:4e,2,1,1,0,128,674,838,774,836,320,804,869,384,527,901,321,872,793,976,174,448,831,957,418,762,507,991,547,943,960,175,936,1016,151,786,219,967,94,89,94,83,94,86,79,53,90,86,90,90,81,82,65,66,84,87,71,72,77,72,86,55,85,72,78,43,78,73,72,75
[1741791610.914929] [AOA] Measurement: 0,1741791610.885451,18:fd:74:45:73:4e,2,1,1,0,128,634,819,245,673,880,996,410,555,493,930,271,821,245,798,708,292,817,944,443,793,495,974,571,927,915,122,991,48,88,750,218,1005,76,72,76,68,79,69,64,42,73,68,74,74,67,67,57,59,72,72,63,62,66,63,73,51,73,63,68,43,70,65,67,68
[1741791610.994687] [AOA] Measurement: 0,1741791610.964587,18:fd:74:45:73:4e,2,1,1,0,128,729,865,804,815,368,811,839,326,494,929,333,850,244,777,611,172,248,724,974,657,964,777,510,897,392,1001,979,67,230,825,937,681,93,87,93,81,90,79,75,51,86,83,88,87,77,80,65,66,83,85,70,71,74,69,83,52,80,68,73,35,69,66,63,64
[1741791611.073957] [AOA] Measurement: 0,1741791611.044681,18:fd:74:45:73:4e,2,1,1,0,128,706,833,292,680,897,992,462,580,1022,68,838,40,869,1008,232,479,794,940,436,808,513,998,548,918,981,174,946,15,143,792,784,556,73,72,75,67,77,65,62,42,71,68,73,72,66,65,55,56,68,72,59,61,65,59,70,48,68,60,64,36,64,61,59,59
[1741791611.152962] [AOA] Measurement: 0,1741791611.124422,18:fd:74:45:73:4e,2,1,1,0,128,639,809,219,671,347,799,844,336,475,925,300,839,236,803,600,189,223,708,971,614,972,773,990,678,449,1017,414,841,681,647,337,112,95,89,94,85,97,85,80,52,90,85,92,92,83,82,73,73,88,89,77,78,83,77,90,63,90,77,82,50,83,79,76,81
[1741791611.224708] [AOA] Measurement: 0,1741791611.195286,18:fd:74:45:73:4e,2,1,1,0,128,701,834,264,692,410,816,396,533,1019,71,856,45,754,998,641,239,792,920,447,815,951,775,1015,790,384,958,485,853,601,611,274,62,74,69,75,66,76,65,60,41,69,68,70,68,60,63,49,49,62,65,52,54,57,51,64,37,60,50,55,26,54,49,45,48
[1741791611.292546] [AOA] Measurement: 0,1741791611.264366,18:fd:74:45:73:4e,2,1,1,0,128,565,775,264,660,424,794,958,390,1001,101,291,896,864,17,208,435,750,899,925,627,528,1001,511,891,965,167,389,858,165,801,243,996,75,72,74,69,76,66,61,42,71,68,72,72,64,65,54,56,69,71,59,59,66,59,70,50,70,61,66,41,67,62,63,62
[1741791611.364039] [AOA] Measurement: 0,1741791611.334525,18:fd:74:45:73:4e,2,1,1,0,128,690,833,266,716,913,994,850,358,983,73,845,57,812,994,656,254,238,737,965,659,949,761,40,761,414,1015,959,29,108,777,39,916,73,71,75,66,75,64,60,40,70,67,71,69,63,65,49,53,66,70,56,58,62,57,69,45,69,57,63,35,60,60,57,58
[1741791611.458872] [AOA] Measurement: 0,1741791611.415608,18:fd:74:45:73:4e,2,1,1,0,128,659,821,247,681,360,814,837,334,477,890,322,890,273,795,663,266,204,715,952,654,979,773,964,691,408,952,489,872,132,761,852,707,94,87,93,85,97,83,76,52,88,84,90,90,81,82,68,70,86,89,74,75,80,76,88,56,85,72,78,45,78,72,68,72
[1741791611.535304] [AOA] Measurement: 0,1741791611.505717,18:fd:74:45:73:4e,2,1,1,0,128,610,796,247,658,378,804,857,327,462,900,313,848,278,845,625,228,811,959,388,778,979,759,511,895,402,981,425,886,159,774,192,24,70,69,72,65,73,61,57,40,68,65,70,66,59,64,48,50,65,69,53,56,60,54,67,41,65,56,58,29,57,52,48,52
[1741791611.615337] [AOA] Measurement: 0,1741791611.585580,18:fd:74:45:73:4e,2,1,1,0,128,712,847,230,664,948,1017,327,495,519,991,851,58,887,7,170,426,809,946,377,743,526,974,510,930,957,193,943,26,634,604,1011,807,73,71,74,68,77,67,61,42,70,68,74,73,65,65,54,56,68,71,60,61,64,60,71,46,69,58,65,37,65,61,59,61
[1741791611.680367] [AOA] Measurement: 0,1741791611.654369,18:fd:74:45:73:4e,2,1,1,0,128,253,20,835,887,907,1014,406,580,1,91,895,54,839,1,198,502,820,958,460,816,565,1001,514,960,951,135,461,892,216,842,938,663,95,91,94,86,97,86,81,51,92,88,91,92,83,83,72,73,89,91,78,79,83,80,91,65,91,78,84,55,84,82,82,83
[1741791611.753701] [AOA] Measurement: 0,1741791611.724365,18:fd:74:45:73:4e,2,1,1,0,128,230,3,772,859,910,972,859,331,551,965,911,55,803,1018,178,433,231,760,914,608,516,988,529,922,905,137,1003,26,93,780,356,148,95,89,95,86,96,82,77,53,90,86,92,89,78,82,68,70,85,87,71,74,79,73,86,56,84,74,79,44,79,74,69,75
[1741791611.845056] [AOA] Measurement: 0,1741791611.815601,18:fd:74:45:73:4e,2,1,1,0,128,716,847,200,615,363,792,909,354,443,889,298,871,280,800,692,250,789,919,448,799,529,989,575,960,929,140,969,36,188,811,661,448,73,71,73,64,75,63,57,40,70,65,70,68,61,64,47,51,64,65,50,55,55,51,64,38,62,51,56,25,53,51,49,49
[1741791611.923669] [AOA] Measurement: 0,1741791611.894460,18:fd:74:45:73:4e,2,1,1,0,128,715,816,319,712,978,18,352,540,22,63,868,76,789,1002,115,367,799,937,429,801,524,989,540,916,423,8,999,32,192,848,481,148,95,89,91,83,94,82,75,50,88,84,88,89,80,80,66,67,83,87,74,74,78,71,86,53,82,70,76,40,74,70,67,71
[1741791611.995525] [AOA] Measurement: 0,1741791611.965779,18:fd:74:45:73:4e,2,1,1,0,128,700,837,256,693,375,806,889,343,480,962,292,882,269,826,140,430,784,914,407,766,1011,766,988,723,416,989,394,865,192,835,703,389,75,70,74,67,76,62,57,41,69,64,68,66,60,61,44,49,61,64,48,54,55,49,62,37,62,49,54,24,53,48,43,46
[1741791612.075220] [AOA] Measurement: 0,1741791612.045661,18:fd:74:45:73:4e,2,1,1,0,128,706,849,263,668,358,808,906,399,446,887,369,918,229,809,672,222,229,720,932,604,515,968,3,713,377,986,978,9,171,848,592,234,76,71,77,69,78,67,62,42,72,70,73,72,65,66,56,57,70,71,59,60,64,59,69,47,68,58,64,35,61,60,57,58
[1741791612.142952] [AOA] Measurement: 0,1741791612.114341,18:fd:74:45:73:4e,2,1,1,0,128,677,800,259,689,952,1004,348,523,36,117,850,54,784,1011,632,227,225,722,917,592,510,987,562,892,420,1011,415,902,599,634,253,33,96,90,94,85,96,86,82,51,90,88,93,94,85,82,77,76,90,91,82,80,85,82,91,68,93,81,86,59,89,84,86,86
[1741791612.214344] [AOA] Measurement: 0,1741791612.184611,18:fd:74:45:73:4e,2,1,1,0,128,702,822,240,678,418,843,872,367,480,919,294,864,238,801,675,219,274,730,961,629,465,939,980,750,405,971,999,23,686,672,58,815,96,89,96,84,97,86,80,53,90,89,93,94,84,82,75,74,90,91,79,80,86,83,92,68,94,79,87,59,91,86,87,89
[1741791612.316706] [AOA] Measurement: 0,1741791612.266842,18:fd:74:45:73:4e,2,1,1,0,128,711,863,748,838,968,29,395,553,1010,76,851,37,837,1013,120,396,825,949,444,802,522,968,549,924,984,156,939,1014,637,636,872,640,95,88,95,83,96,83,77,50,88,86,91,89,80,82,70,71,85,88,73,75,80,71,87,60,87,72,81,46,79,75,74,73
[1741791612.403036] [AOA] Measurement: 0,1741791612.372224,18:fd:74:45:73:4e,2,1,1,0,128,648,811,243,632,355,814,889,370,34,146,842,5,324,883,630,204,298,788,904,558,1005,818,42,772,945,132,385,798,670,638,919,719,79,74,79,71,81,71,67,45,77,72,78,78,70,69,61,61,75,75,64,64,68,64,76,52,73,62,68,40,69,65,63,64
[1741791612.474932] [AOA] Measurement: 0,1741791612.445352,18:fd:74:45:73:4e,2,1,1,0,128,669,829,283,702,341,798,868,340,505,929,923,101,834,17,163,401,749,887,475,823,493,941,544,916,968,195,1018,60,163,817,111,917,92,88,94,83,96,82,75,51,85,82,87,88,80,81,64,68,84,86,69,71,74,70,85,52,81,68,74,39,73,71,67,67
[1741791612.542345] [AOA] Measurement: 0,1741791612.514394,18:fd:74:45:73:4e,2,1,1,0,128,198,996,780,878,964,1010,438,580,9,86,846,31,808,990,176,424,815,976,463,797,505,945,554,979,914,141,970,1023,191,805,874,478,92,90,91,85,96,85,80,53,89,87,91,89,82,81,69,71,87,88,76,76,79,75,87,59,86,72,81,51,81,78,78,79
[1741791612.614240] [AOA] Measurement: 0,1741791612.584440,18:fd:74:45:73:4e,2,1,1,0,128,217,7,763,826,409,816,449,586,986,59,877,31,800,1008,660,260,832,968,454,769,491,945,563,913,882,100,977,52,176,826,805,431,73,68,71,65,74,61,56,40,69,64,70,66,58,62,47,50,63,67,51,56,57,50,64,39,63,53,57,27,54,53,49,52
[1741791612.680575] [AOA] Measurement: 0,1741791612.654438,18:fd:74:45:73:4e,2,1,1,0,128,720,881,801,868,921,1013,410,582,32,112,832,29,314,832,596,183,267,750,473,793,516,988,502,919,442,1,981,28,208,838,481,252,73,69,74,66,75,62,57,40,68,64,70,68,61,63,49,51,63,67,52,56,58,53,65,40,66,52,57,28,56,50,47,50
[1741791612.754335] [AOA] Measurement: 0,1741791612.725674,18:fd:74:45:73:4e,2,1,1,0,128,615,815,201,644,385,787,893,371,479,922,874,71,806,1,104,392,201,717,929,631,478,955,552,911,987,172,986,10,606,599,857,601,72,70,72,66,74,63,58,40,70,65,70,67,62,63,47,51,63,65,50,54,57,54,67,40,63,55,59,31,58,53,52,55
[1741791612.825726] [AOA] Measurement: 0,1741791612.795863,18:fd:74:45:73:4e,2,1,1,0,128,662,791,221,662,331,797,844,333,467,919,296,887,298,845,650,235,272,727,963,602,528,994,552,990,837,91,383,839,635,601,858,666,93,88,94,84,97,83,80,53,91,86,90,93,83,82,73,71,89,91,77,78,84,77,92,64,90,78,84,50,82,79,77,81
[1741791612.911008] [AOA] Measurement: 0,1741791612.881158,18:fd:74:45:73:4e,2,1,1,0,128,170,966,219,646,933,1021,876,356,473,919,905,52,807,1009,126,407,819,947,445,787,964,757,65,804,919,124,1004,54,161,808,228,995,74,73,76,66,76,67,58,39,68,66,71,68,63,65,50,53,67,69,56,57,61,57,70,45,68,58,65,36,62,60,59,60
[1741791612.997844] [AOA] Measurement: 0,1741791612.955570,18:fd:74:45:73:4e,2,1,1,0,128,641,814,288,717,940,988,784,269,482,914,348,903,335,890,201,458,821,927,503,839,574,1003,521,935,946,160,975,30,133,800,230,943,92,87,92,83,93,81,77,51,87,82,89,86,79,80,65,68,83,87,69,72,77,68,84,53,82,69,75,41,75,69,65,69
[1741791613.062926] [AOA] Measurement: 0,1741791613.034380,18:fd:74:45:73:4e,2,1,1,0,128,718,857,810,921,353,818,389,551,525,941,860,0,255,814,629,219,835,954,467,805,465,969,27,750,412,972,999,50,141,821,429,199,94,89,93,84,96,86,80,51,91,87,91,91,82,81,73,74,90,90,79,77,83,79,91,65,89,76,84,53,87,83,82,82
[1741791613.133967] [AOA] Measurement: 0,1741791613.104583,18:fd:74:45:73:4e,2,1,1,0,128,686,808,229,651,466,851,868,348,507,943,334,907,292,861,626,215,243,727,929,575,530,953,475,901,416,6,986,49,600,603,104,961,73,69,74,65,74,62,57,40,69,64,68,68,60,64,49,49,64,66,54,56,59,54,66,41,65,54,57,31,57,54,53,53
[1741791613.201023] [AOA] Measurement: 0,1741791613.174360,18:fd:74:45:73:4e,2,1,1,0,128,677,820,292,693,910,1023,384,543,41,118,859,25,831,1021,160,415,802,925,420,766,1012,819,999,737,962,151,981,53,122,782,613,350,94,92,94,85,96,85,79,52,91,87,90,91,82,81,69,71,87,88,73,75,80,76,88,59,88,74,80,50,81,76,75,77
[1741791613.274072] [AOA] Measurement: 0,1741791613.245607,18:fd:74:45:73:4e,2,1,1,0,128,214,1020,819,887,947,15,401,575,457,905,859,58,796,1017,207,448,902,972,453,794,571,3,564,943,990,182,981,70,150,853,433,24,75,73,76,66,77,66,62,42,72,68,73,72,67,66,56,55,70,71,61,63,66,60,71,48,69,60,66,39,68,63,60,64
[1741791613.345574] [AOA] Measurement: 0,1741791613.315750,18:fd:74:45:73:4e,2,1,1,0,128,695,833,217,649,401,836,869,355,1020,49,356,907,251,837,127,385,813,919,873,579,954,774,926,707,426,994,421,872,610,590,436,246,94,88,95,85,94,81,77,52,85,84,91,87,80,82,69,69,86,88,72,75,81,74,87,61,89,73,82,46,80,76,75,73
[1741791613.425092] [AOA] Measurement: 0,1741791613.395598,18:fd:74:45:73:4e,2,1,1,0,128,220,30,824,876,936,1015,426,570,1007,113,836,45,760,963,203,476,804,964,417,821,510,975,545,957,973,179,908,34,160,766,642,350,94,90,95,87,98,89,83,51,91,89,92,95,86,81,77,76,92,90,82,81,86,83,93,72,94,79,88,63,91,88,89,90
[1741791613.490666] [AOA] Measurement: 0,1741791613.464345,18:fd:74:45:73:4e,2,1,1,0,128,703,828,228,639,410,875,383,541,521,939,901,60,292,812,636,192,197,729,956,610,998,797,970,723,408,985,981,34,161,798,323,37,70,68,73,64,72,60,55,40,66,63,67,65,56,61,45,47,60,63,48,51,52,47,61,33,58,46,49,20,48,43,39,43
[1741791613.563873] [AOA] Measurement: 0,1741791613.534388,18:fd:74:45:73:4e,2,1,1,0,128,719,845,768,845,947,988,875,324,506,931,895,50,820,1021,162,392,798,892,988,658,497,958,7,728,379,983,1018,64,158,816,372,26,94,90,96,86,97,86,79,52,89,85,89,92,82,83,72,69,86,88,75,76,83,74,89,62,87,75,83,47,83,77,75,80
[1741791613.643293] [AOA] Measurement: 0,1741791613.614297,18:fd:74:45:73:4e,2,1,1,0,128,654,819,207,631,343,791,849,282,481,925,873,49,269,786,210,424,808,950,457,784,1012,802,521,948,391,991,397,853,640,600,514,323,74,72,76,68,75,64,58,42,70,64,71,68,61,65,48,52,65,65,52,56,59,54,67,38,64,54,58,28,55,53,49,51
[1741791613.715395] [AOA] Measurement: 0,1741791613.685609,18:fd:74:45:73:4e,2,1,1,0,128,632,799,276,696,350,778,865,355,482,946,264,816,299,846,600,208,276,720,957,606,7,818,1004,722,382,990,406,846,629,591,128,33,69,69,70,62,71,60,55,39,66,62,65,61,52,59,41,44,55,60,43,49,49,41,56,29,54,44,46,18,43,39,34,39
[1741791613.780839] [AOA] Measurement: 0,1741791613.754385,18:fd:74:45:73:4e,2,1,1,0,128,666,846,803,853,401,830,374,502,498,934,257,842,328,828,187,437,727,898,503,817,517,1005,531,925,948,119,443,856,616,605,381,199,92,86,93,83,94,82,76,53,89,86,91,89,82,82,68,70,86,85,72,76,79,72,85,59,88,71,78,45,76,73,72,71
[1741791613.868855] [AOA] Measurement: 0,1741791613.825600,18:fd:74:45:73:4e,2,1,1,0,128,676,813,285,683,951,17,891,373,995,91,287,875,274,809,604,216,253,753,937,619,576,1012,515,946,410,995,947,41,156,811,471,137,94,90,95,86,97,87,82,52,92,89,93,93,83,82,73,72,86,87,79,78,85,81,92,67,91,78,86,55,87,84,84,84
[1741791613.933501] [AOA] Measurement: 0,1741791613.905166,18:fd:74:45:73:4e,2,1,1,0,128,158,981,861,888,928,978,402,576,984,42,323,902,274,804,636,261,758,908,488,825,509,968,1020,748,406,954,959,17,645,644,553,327,94,90,95,84,97,86,80,52,89,87,90,93,84,84,72,72,89,89,77,76,81,77,89,62,89,74,81,50,82,79,79,78
[1741791614.004298] [AOA] Measurement: 0,1741791613.974642,18:fd:74:45:73:4e,2,1,1,0,128,699,852,759,847,914,13,404,552,45,96,904,72,800,984,158,394,752,946,900,615,555,1013,592,961,934,150,975,29,151,820,21,710,74,72,73,67,75,63,57,41,69,65,70,67,61,64,50,52,65,67,53,57,59,52,65,40,64,55,60,28,56,53,50,53
[1741791614.083829] [AOA] Measurement: 0,1741791614.054347,18:fd:74:45:73:4e,2,1,1,0,128,672,828,220,632,414,838,887,364,417,889,269,829,286,830,658,256,193,694,926,608,1000,783,4,775,387,996,463,898,197,849,806,526,95,91,96,86,97,86,78,52,88,86,90,89,81,80,68,69,86,87,74,73,76,74,87,57,88,73,80,45,80,74,72,76
[1741791614.154804] [AOA] Measurement: 0,1741791614.125674,18:fd:74:45:73:4e,2,1,1,0,128,620,807,267,684,418,860,401,540,0,106,868,59,832,1006,626,217,800,899,471,797,572,4,543,947,968,133,998,52,181,834,98,815,77,74,76,72,83,74,68,44,77,74,78,80,72,70,63,62,76,76,68,66,72,67,77,57,77,65,72,48,76,70,70,72
[1741791614.222829] [AOA] Measurement: 0,1741791614.194408,18:fd:74:45:73:4e,2,1,1,0,128,695,837,279,711,386,803,886,368,435,892,294,898,278,817,632,202,218,726,881,567,985,765,999,709,405,975,442,878,162,794,920,714,96,90,95,85,96,86,80,52,92,88,92,94,85,82,77,75,89,91,80,79,86,83,93,69,94,80,88,60,91,88,87,90
[1741791614.293848] [AOA] Measurement: 0,1741791614.264467,18:fd:74:45:73:4e,2,1,1,0,128,186,1020,734,838,870,962,420,582,414,933,908,76,830,36,212,444,768,932,451,788,541,17,569,924,926,126,439,873,695,629,488,250,91,86,91,80,90,77,71,50,86,83,90,85,77,80,63,64,82,83,65,67,72,65,80,49,78,63,67,30,64,59,55,56
[1741791614.361015] [AOA] Measurement: 0,1741791614.334450,18:fd:74:45:73:4e,2,1,1,0,128,681,862,835,910,949,1004,419,569,16,86,330,870,248,801,676,229,249,757,900,607,61,879,503,929,913,155,956,8,652,666,483,216,74,71,72,65,72,64,58,40,66,65,69,66,59,63,49,49,61,67,52,54,56,50,64,37,61,50,54,26,54,50,45,48
[1741791614.441887] [AOA] Measurement: 0,1741791614.405708,18:fd:74:45:73:4e,2,1,1,0,128,194,1005,761,824,365,812,864,349,481,922,855,25,888,40,108,384,808,922,929,599,987,766,956,708,371,970,973,63,579,579,668,440,76,71,76,68,79,68,63,41,72,70,74,74,65,67,55,56,70,70,60,61,64,60,71,50,70,59,65,38,63,61,60,62
[1741791614.512196] [AOA] Measurement: 0,1741791614.484382,18:fd:74:45:73:4e,2,1,1,0,128,688,851,804,844,400,845,847,337,496,933,329,913,809,1006,102,381,817,942,448,776,498,943,579,962,928,139,972,3,198,841,807,564,95,89,95,85,97,86,78,51,90,87,90,92,83,82,74,73,91,90,78,79,83,80,91,68,92,78,87,56,87,83,84,85
[1741791614.584287] [AOA] Measurement: 0,1741791614.554472,18:fd:74:45:73:4e,2,1,1,0,128,191,1012,786,862,408,865,883,378,421,908,296,831,321,838,674,249,222,718,945,601,984,754,11,783,436,964,1023,48,153,803,578,235,76,71,76,68,76,65,59,41,69,66,70,67,62,64,51,52,64,68,55,55,58,55,65,42,66,53,58,29,57,53,50,52
[1741791614.663922] [AOA] Measurement: 0,1741791614.634486,18:fd:74:45:73:4e,2,1,1,0,128,656,817,250,683,913,986,851,358,475,935,334,887,873,32,197,451,765,910,900,563,978,797,12,737,984,181,946,23,158,825,487,174,70,67,71,63,72,60,55,40,67,61,65,64,55,60,42,47,59,62,46,52,52,46,61,31,59,48,51,21,47,44,41,42
[1741791614.743046] [AOA] Measurement: 0,1741791614.714361,18:fd:74:45:73:4e,2,1,1,0,128,610,762,245,642,411,829,918,365,54,130,818,37,806,982,673,225,782,942,894,610,965,768,3,751,370,971,387,825,684,639,843,670,74,69,75,67,76,64,58,41,70,67,73,70,63,65,52,53,66,68,55,58,61,56,66,43,66,53,58,31,58,54,52,51
[1741791614.814990] [AOA] Measurement: 0,1741791614.785156,18:fd:74:45:73:4e,2,1,1,0,128,193,20,726,796,934,989,911,359,511,942,838,43,235,811,631,241,262,722,919,593,986,787,23,723,358,984,482,888,139,795,802,568,74,70,75,67,76,65,59,41,70,67,72,69,61,65,52,54,67,69,58,59,61,59,69,46,70,58,64,36,63,60,58,62
[1741791614.882448] [AOA] Measurement: 0,1741791614.854488,18:fd:74:45:73:4e,2,1,1,0,128,644,805,224,648,403,822,939,380,442,898,373,901,301,835,623,219,266,765,923,576,983,774,27,759,403,961,447,884,669,638,268,16,74,70,73,66,75,65,60,40,70,66,72,69,62,63,53,53,65,68,54,57,61,54,68,43,67,57,61,31,62,55,53,56
[1741791614.958548] [AOA] Measurement: 0,1741791614.929179,18:fd:74:45:73:4e,2,1,1,0,128,713,865,233,669,383,808,829,350,968,57,260,857,298,814,673,225,238,736,928,594,501,975,5,743,977,168,967,22,617,604,705,533,94,91,96,87,98,87,80,52,90,88,92,92,83,82,72,73,91,88,79,78,85,82,92,66,91,79,87,58,89,84,84,87
[1741791615.034741] [AOA] Measurement: 0,1741791615.005651,18:fd:74:45:73:4e,2,1,1,0,128,192,13,743,833,399,821,865,369,20,106,896,73,835,9,149,411,826,957,481,793,487,958,570,953,373,995,990,55,183,824,717,512,72,69,73,67,74,62,57,40,70,66,71,71,64,64,49,53,66,68,54,56,57,54,67,39,64,53,57,28,55,53,49,51
[1741791615.112382] [AOA] Measurement: 0,1741791615.084392,18:fd:74:45:73:4e,2,1,1,0,128,630,798,203,624,381,834,415,586,1021,83,865,26,267,839,150,408,756,916,442,751,994,766,517,893,398,951,397,839,651,629,14,777,93,88,94,84,95,84,77,51,87,85,86,88,80,81,67,69,87,86,70,73,78,74,87,57,84,71,78,44,77,74,73,74
[1741791615.185503] [AOA] Measurement: 0,1741791615.155747,18:fd:74:45:73:4e,2,1,1,0,128,197,7,741,846,915,975,875,360,520,939,850,39,818,3,159,416,813,963,903,587,1021,787,1009,756,966,153,394,836,242,875,299,977,95,88,93,85,97,86,81,53,90,87,92,93,86,81,77,75,91,90,81,80,86,82,92,70,93,80,88,58,87,85,87,88
[1741791615.272340] [AOA] Measurement: 0,1741791615.236434,18:fd:74:45:73:4e,2,1,1,0,128,679,862,224,690,950,1000,424,563,2,103,870,43,813,13,627,231,256,696,484,809,486,986,459,886,918,138,1006,70,143,817,801,505,93,89,94,85,97,84,80,51,92,88,93,93,86,83,76,76,91,90,83,81,88,86,94,71,93,80,87,59,92,87,89,89
[1741791615.341934] [AOA] Measurement: 0,1741791615.314424,18:fd:74:45:73:4e,2,1,1,0,128,179,1019,754,883,930,0,412,585,993,54,848,1,827,2,612,220,236,766,908,606,537,972,1007,749,1011,185,990,91,169,804,690,410,94,88,95,84,95,84,78,51,90,87,92,92,82,83,71,72,89,89,74,77,82,79,89,60,88,75,82,51,82,78,79,80
[1741791615.413965] [AOA] Measurement: 0,1741791615.384511,18:fd:74:45:73:4e,2,1,1,0,128,718,826,884,947,969,29,394,552,1021,85,908,47,299,853,179,441,238,753,883,597,977,808,562,981,913,173,19,116,183,813,21,740,73,70,74,66,75,64,58,41,71,65,70,68,59,63,49,51,64,67,54,56,60,54,66,41,66,55,61,30,60,56,53,57
[1741791615.480359] [AOA] Measurement: 0,1741791615.454331,18:fd:74:45:73:4e,2,1,1,0,128,125,973,276,697,914,991,357,526,51,126,828,41,811,17,660,256,778,930,908,565,1000,785,6,742,377,973,410,884,680,638,780,513,97,91,95,85,97,87,80,51,91,89,90,92,84,82,74,74,90,90,79,79,85,79,92,64,90,78,86,55,86,80,80,82
[1741791615.568537] [AOA] Measurement: 0,1741791615.525723,18:fd:74:45:73:4e,2,1,1,0,128,171,1023,838,876,347,803,836,352,1021,105,286,856,208,785,676,250,215,731,449,799,940,733,46,760,385,991,981,41,630,593,611,376,95,89,95,84,94,82,77,52,88,85,91,89,82,82,67,70,86,88,75,75,78,76,87,60,87,74,80,50,80,79,75,75
[1741791615.641616] [AOA] Measurement: 0,1741791615.615643,18:fd:74:45:73:4e,2,1,1,0,128,631,783,234,645,404,838,881,377,507,925,891,96,252,815,618,214,236,738,946,602,532,984,601,1013,997,237,918,14,158,799,503,254,74,72,75,67,75,67,63,42,72,69,72,70,64,66,54,55,68,70,55,59,61,57,69,45,68,57,63,33,59,58,54,57
[1741791615.715755] [AOA] Measurement: 0,1741791615.685675,18:fd:74:45:73:4e,2,1,1,0,128,691,824,234,675,384,814,860,382,462,884,359,898,268,827,167,427,258,740,920,589,1015,796,23,768,965,158,425,846,630,636,900,659,95,89,96,87,98,85,82,52,89,87,91,93,84,82,76,75,91,90,80,81,87,79,91,68,92,79,86,58,88,83,83,83
[1741791615.795541] [AOA] Measurement: 0,1741791615.765749,18:fd:74:45:73:4e,2,1,1,0,128,733,863,825,886,356,806,834,363,495,945,292,867,842,1021,196,457,802,928,906,565,568,968,988,692,389,961,399,833,653,610,480,288,76,71,77,69,78,67,63,42,72,69,72,73,66,67,56,54,71,71,59,61,65,62,71,47,72,59,66,40,66,62,60,61
[1741791615.862906] [AOA] Measurement: 0,1741791615.834402,18:fd:74:45:73:4e,2,1,1,0,128,226,25,823,876,950,1013,399,562,1008,57,834,37,293,824,614,236,757,893,918,610,539,987,478,872,1022,219,1018,65,160,835,593,173,92,90,92,84,97,85,78,51,90,85,92,92,82,82,72,74,89,91,80,80,86,81,91,70,93,80,87,57,88,84,82,85
[1741791615.934346] [AOA] Measurement: 0,1741791615.904536,18:fd:74:45:73:4e,2,1,1,0,128,184,1017,716,834,381,817,848,365,503,949,841,32,853,15,115,375,802,946,463,811,495,940,540,928,919,137,990,31,174,836,164,994,73,69,72,66,71,61,55,40,68,65,71,66,57,62,47,48,61,66,51,53,56,50,62,38,62,50,54,27,53,48,43,50
[1741791616.000505] [AOA] Measurement: 0,1741791615.974378,18:fd:74:45:73:4e,2,1,1,0,128,116,966,846,878,877,1001,910,390,22,103,865,37,217,818,634,213,290,741,467,827,946,766,48,764,363,936,449,883,201,863,230,941,91,86,92,83,94,81,76,51,88,84,92,90,80,81,65,67,85,83,71,73,78,72,87,56,85,73,78,43,76,73,70,70
[1741791616.074114] [AOA] Measurement: 0,1741791616.045765,18:fd:74:45:73:4e,2,1,1,0,128,594,744,235,656,322,771,852,355,514,927,899,45,775,979,214,475,229,740,885,582,37,833,1011,728,402,983,446,880,598,603,784,585,94,90,95,85,96,85,78,52,91,88,90,92,81,80,70,71,86,87,77,77,83,76,91,65,92,77,84,51,84,80,77,80
[1741791616.145087] [AOA] Measurement: 0,1741791616.115657,18:fd:74:45:73:4e,2,1,1,0,128,702,837,803,838,403,837,824,304,464,913,253,845,298,809,648,229,841,953,444,794,989,785,544,942,392,975,956,26,616,592,944,739,94,91,96,85,97,86,82,52,89,88,93,92,85,83,74,76,90,91,80,77,85,79,91,70,90,78,87,56,88,85,83,86
[1741791616.221380] [AOA] Measurement: 0,1741791616.194611,18:fd:74:45:73:4e,2,1,1,0,128,177,961,816,899,923,992,393,587,34,118,832,61,851,26,131,390,228,738,917,608,4,838,20,737,997,154,0,56,127,797,834,498,93,89,92,84,92,80,72,50,89,84,88,85,78,80,64,66,81,86,68,70,76,66,82,53,82,65,71,37,73,70,68,67
[1741791616.295220] [AOA] Measurement: 0,1741791616.265718,18:fd:74:45:73:4e,2,1,1,0,128,654,805,785,842,942,9,382,559,1023,98,264,851,282,821,560,172,282,732,472,810,558,996,527,951,933,181,931,10,137,790,355,105,92,88,95,84,93,83,76,52,88,84,90,87,80,80,65,68,83,84,69,74,74,68,83,53,84,69,76,39,71,70,67,69
[1741791616.363469] [AOA] Measurement: 0,1741791616.334471,18:fd:74:45:73:4e,2,1,1,0,128,707,815,245,701,948,992,445,548,1021,82,838,17,832,35,156,464,808,943,427,805,9,806,6,760,353,956,451,881,645,596,235,985,93,88,94,84,96,86,79,52,92,87,91,92,84,82,71,73,88,90,78,78,80,78,90,62,89,74,81,50,82,76,75,77
[1741791616.434386] [AOA] Measurement: 0,1741791616.405384,18:fd:74:45:73:4e,2,1,1,0,128,216,5,217,661,941,995,881,356,475,910,898,57,883,42,172,448,770,915,410,751,991,789,4,757,960,180,945,63,106,782,795,543,91,88,93,81,94,81,74,51,87,83,90,88,78,81,67,69,85,87,73,75,79,72,87,57,86,75,79,44,78,74,70,77
[1741791616.514492] [AOA] Measurement: 0,1741791616.484637,18:fd:74:45:73:4e,2,1,1,0,128,673,814,239,653,945,976,412,562,1011,40,306,877,284,833,599,202,796,959,439,799,544,999,488,912,374,969,412,836,664,617,800,590,77,73,76,69,78,68,63,42,72,67,73,72,65,66,56,58,69,71,60,62,67,58,71,49,71,61,66,40,66,62,61,64
[1741791616.580625] [AOA] Measurement: 0,1741791616.554361,18:fd:74:45:73:4e,2,1,1,0,128,617,828,266,650,337,787,818,315,561,971,868,46,859,22,631,224,821,946,446,760,570,21,517,899,1001,206,957,15,172,805,441,181,93,89,94,84,95,83,77,51,90,85,92,88,79,81,68,70,84,87,74,75,79,74,88,59,88,75,81,50,83,78,78,80
[1741791616.654257] [AOA] Measurement: 0,1741791616.625653,18:fd:74:45:73:4e,2,1,1,0,128,222,1003,253,701,884,990,857,326,506,958,896,75,798,998,199,449,753,877,946,611,972,792,1010,736,420,964,430,838,644,626,456,207,70,69,73,64,72,61,55,39,67,63,69,66,59,63,47,48,61,65,51,55,58,52,64,37,64,52,58,27,54,51,49,50
[1741791616.725686] [AOA] Measurement: 0,1741791616.695694,18:fd:74:45:73:4e,2,1,1,0,128,698,809,215,658,403,824,936,420,33,123,871,52,806,1015,131,388,814,962,404,789,971,723,1007,731,364,957,436,876,719,686,917,691,73,68,73,65,74,62,57,41,71,66,69,68,61,62,48,52,64,66,53,56,56,54,65,40,64,53,58,30,58,53,49,53
[1741791616.804003] [AOA] Measurement: 0,1741791616.774581,18:fd:74:45:73:4e,2,1,1,0,128,208,1007,309,697,339,763,415,578,16,87,843,59,295,867,175,432,799,928,932,589,1012,798,532,896,463,6,1007,71,98,762,879,588,75,70,76,66,76,65,60,41,69,67,72,70,62,65,54,54,66,68,57,58,61,55,68,44,66,54,61,32,59,56,54,54
[1741791616.882115] [AOA] Measurement: 0,1741791616.854354,18:fd:74:45:73:4e,2,1,1,0,128,699,839,784,852,344,815,911,404,1,94,870,52,803,991,676,249,765,901,911,619,3,808,592,995,925,128,973,51,198,818,149,936,93,90,95,83,94,84,78,51,89,86,90,90,79,81,65,68,82,87,69,71,77,72,88,55,83,71,78,42,76,70,68,72
[1741791616.954893] [AOA] Measurement: 0,1741791616.925721,18:fd:74:45:73:4e,2,1,1,0,128,197,45,823,888,883,987,384,516,466,932,882,73,828,30,178,458,829,966,488,827,466,952,567,893,904,153,0,86,91,751,160,885,69,68,73,63,70,59,54,39,67,63,67,63,58,62,44,49,62,65,48,53,54,46,59,35,58,45,52,20,50,45,43,43
[1741791617.034815] [AOA] Measurement: 0,1741791617.005154,18:fd:74:45:73:4e,2,1,1,0,128,673,879,186,607,428,822,902,380,0,102,870,52,807,993,600,199,786,914,944,623,592,997,513,941,944,135,948,30,152,819,883,677,72,69,72,64,72,62,56,40,68,64,70,66,59,63,47,50,61,64,50,54,54,51,65,37,62,52,57,25,55,49,47,52
[1741791617.105331] [AOA] Measurement: 0,1741791617.076987,18:fd:74:45:73:4e,2,1,1,0,128,589,778,211,622,349,777,867,362,499,958,301,896,771,972,649,228,322,780,932,619,991,796,919,687,450,1023,998,51,138,787,228,22,75,73,77,68,77,69,63,40,73,69,73,72,65,66,56,59,69,70,60,60,64,60,72,48,70,60,64,39,65,62,62,65
[1741791617.175059] [AOA] Measurement: 0,1741791617.145685,18:fd:74:45:73:4e,2,1,1,0,128,598,803,254,645,387,805,859,314,483,905,303,849,263,818,685,224,844,969,446,775,526,990,551,948,948,131,5,51,174,835,944,652,74,70,75,66,75,65,59,39,69,65,69,69,62,64,49,53,65,67,55,56,58,54,66,37,64,53,59,31,59,52,48,52
[1741791617.245363] [AOA] Measurement: 0,1741791617.215665,18:fd:74:45:73:4e,2,1,1,0,128,690,829,294,699,430,814,918,409,31,108,867,65,772,959,655,234,214,712,931,591,1022,830,986,728,358,965,995,24,156,792,43,863,71,69,71,64,73,60,54,39,67,63,68,66,57,61,46,48,59,64,50,53,55,49,61,36,61,49,53,25,52,46,41,45
[1741791617.313444] [AOA] Measurement: 0,1741791617.284527,18:fd:74:45:73:4e,2,1,1,0,128,645,755,252,635,387,820,860,352,457,885,274,847,286,815,659,209,297,741,931,614,955,791,947,712,422,985,438,865,605,577,525,330,71,68,73,65,73,63,57,40,68,63,69,66,57,64,45,48,60,64,50,52,53,49,63,35,60,51,55,23,51,48,45,47
[1741791617.384705] [AOA] Measurement: 0,1741791617.355283,18:fd:74:45:73:4e,2,1,1,0,128,213,9,766,871,936,1009,438,598,0,119,898,64,787,1005,197,396,811,952,489,831,523,969,569,969,990,183,14,81,190,841,678,324,87,85,91,80,91,78,71,51,84,81,86,80,73,78,58,64,79,84,65,71,74,65,80,49,80,65,72,35,68,65,59,60
[1741791617.464294] [AOA] Measurement: 0,1741791617.434441,18:fd:74:45:73:4e,2,1,1,0,128,183,972,810,855,883,985,409,563,991,81,853,35,814,1010,142,386,276,760,481,819,520,1013,545,983,916,130,412,847,720,652,512,274,93,86,93,84,95,81,74,52,86,85,88,85,78,79,65,67,85,85,71,73,77,70,86,56,85,70,78,40,75,71,68,70
[1741791617.544512] [AOA] Measurement: 0,1741791617.514413,18:fd:74:45:73:4e,2,1,1,0,128,723,849,730,813,340,803,378,530,445,903,332,876,260,824,641,235,220,713,861,565,1014,809,953,739,419,18,440,872,152,806,108,888,74,70,74,66,75,65,59,40,71,66,72,70,62,64,50,52,67,69,56,58,61,56,69,44,68,56,62,33,59,59,56,58
[1741791617.621543] [AOA] Measurement: 0,1741791617.591619,18:fd:74:45:73:4e,2,1,1,0,128,663,807,210,636,398,818,895,356,490,946,298,869,817,988,696,270,252,721,910,611,994,748,1003,728,399,985,390,858,629,546,158,927,73,70,73,66,76,64,59,41,71,67,73,69,63,65,53,55,68,68,55,59,61,56,68,43,66,58,62,33,61,55,53,56
[1741791617.695042] [AOA] Measurement: 0,1741791617.665655,18:fd:74:45:73:4e,2,1,1,0,128,686,842,763,859,319,771,872,381,445,894,853,20,835,1011,176,403,832,937,445,790,503,970,530,913,972,175,960,17,135,819,740,448,94,88,94,84,96,86,78,52,90,86,91,92,84,83,74,73,88,90,79,79,84,77,87,62,88,75,82,50,84,79,78,81
[1741791617.765553] [AOA] Measurement: 0,1741791617.735963,18:fd:74:45:73:4e,2,1,1,0,128,694,805,276,665,451,882,400,536,496,942,861,74,777,965,631,224,825,963,491,820,530,1003,520,910,942,153,924,21,167,779,95,896,93,87,92,83,92,82,73,51,85,83,88,85,78,78,62,66,79,85,68,70,73,67,82,48,77,66,71,34,68,65,61,62
[1741791617.832370] [AOA] Measurement: 0,1741791617.804377,18:fd:74:45:73:4e,2,1,1,0,128,668,857,776,834,910,1011,351,505,12,91,339,887,276,832,599,179,841,959,386,748,514,959,551,954,948,148,930,21,138,817,360,91,76,73,77,68,78,71,65,42,74,71,76,75,67,67,61,59,74,74,66,65,69,66,75,56,75,65,70,47,72,69,69,71
[1741791617.904036] [AOA] Measurement: 0,1741791617.874519,18:fd:74:45:73:4e,2,1,1,0,128,718,848,240,654,341,816,882,355,29,116,896,39,262,808,639,222,268,757,413,760,1019,812,535,927,361,956,429,879,647,584,543,313,93,88,92,84,97,85,80,52,90,87,91,91,83,83,71,72,88,89,76,77,84,77,90,61,89,76,84,52,85,78,77,81
[1741791617.970861] [AOA] Measurement: 0,1741791617.944444,18:fd:74:45:73:4e,2,1,1,0,128,159,989,743,873,332,798,868,351,487,924,842,42,299,879,145,434,240,756,474,847,495,967,610,990,976,171,999,54,181,814,559,333,75,70,74,66,75,64,59,41,69,65,70,69,61,62,49,51,63,67,53,55,60,52,66,41,64,53,58,30,58,55,50,52
[1741791618.043830] [AOA] Measurement: 0,1741791618.014495,18:fd:74:45:73:4e,2,1,1,0,128,233,1007,721,806,947,1016,359,514,1008,64,851,18,252,838,646,265,806,922,920,607,494,939,35,776,370,966,955,44,120,761,617,362,73,70,73,65,75,65,59,40,71,66,72,68,60,64,50,51,64,68,54,56,58,53,63,40,64,54,55,29,56,51,50,52
[1741791618.122941] [AOA] Measurement: 0,1741791618.094342,18:fd:74:45:73:4e,2,1,1,0,128,176,1005,729,795,983,996,450,562,16,86,310,879,781,1018,703,278,814,940,427,780,555,1016,513,930,976,172,970,85,162,802,533,309,92,88,92,83,94,80,74,52,88,83,88,88,80,80,67,67,82,85,70,71,76,70,83,53,83,70,75,43,75,71,71,71
[1741791618.195486] [AOA] Measurement: 0,1741791618.165427,18:fd:74:45:73:4e,2,1,1,0,128,692,832,256,674,393,813,899,364,1015,115,827,14,316,824,154,433,746,904,904,579,1003,801,546,923,934,140,985,35,164,777,926,680,75,71,75,67,76,65,60,41,70,67,73,69,63,64,52,54,69,70,59,59,64,59,69,47,69,60,63,35,64,60,58,61
[1741791618.275081] [AOA] Measurement: 0,1741791618.245604,18:fd:74:45:73:4e,2,1,1,0,128,683,853,230,664,360,796,436,556,50,117,851,58,872,16,171,448,783,939,411,760,1010,810,540,910,1019,187,990,43,137,805,840,525,94,88,94,85,95,84,77,52,89,86,90,92,81,82,66,69,85,86,71,75,77,70,84,56,82,69,76,39,72,69,67,67
[1741791618.345287] [AOA] Measurement: 0,1741791618.315823,18:fd:74:45:73:4e,2,1,1,0,128,138,987,794,899,942,0,374,507,45,128,818,1017,827,12,152,438,807,927,956,657,1008,805,533,921,972,163,975,25,155,825,95,801,95,89,96,86,99,86,80,52,90,87,90,92,83,83,74,73,90,90,80,80,85,80,92,66,91,77,84,53,86,79,80,84
[1741791618.424656] [AOA] Measurement: 0,1741791618.395249,18:fd:74:45:73:4e,2,1,1,0,128,688,844,198,648,395,817,877,336,533,949,870,55,829,1003,197,465,864,988,443,805,529,986,520,936,1000,185,972,0,138,815,332,15,93,91,94,84,97,86,79,52,89,88,92,93,84,83,72,71,88,88,77,77,82,76,89,61,87,75,80,49,80,75,77,77
[1741791618.504010] [AOA] Measurement: 0,1741791618.474486,18:fd:74:45:73:4e,2,1,1,0,128,731,852,232,663,390,822,401,535,39,123,341,899,236,788,632,202,789,940,407,718,504,955,986,713,392,977,400,844,630,603,396,224,93,89,93,84,96,86,79,52,91,84,91,90,83,83,71,72,88,87,74,77,81,76,89,59,87,73,80,47,78,74,74,74
[1741791618.583695] [AOA] Measurement: 0,1741791618.555530,18:fd:74:45:73:4e,2,1,1,0,128,635,833,877,913,938,12,413,584,1019,88,866,49,849,1023,155,401,766,937,907,592,484,982,562,963,963,159,365,841,710,668,488,202,80,77,80,73,81,72,68,44,76,75,77,77,69,68,61,62,74,77,67,67,70,66,77,56,78,66,73,47,73,70,70,71
[1741791618.654914] [AOA] Measurement: 0,1741791618.625628,18:fd:74:45:73:4e,2,1,1,0,128,644,805,223,658,380,831,915,380,485,937,840,20,268,824,153,406,812,935,437,789,1000,814,567,961,988,173,974,4,570,587,852,614,95,90,96,86,96,86,79,52,90,87,92,91,82,83,73,71,89,89,75,76,82,77,91,63,89,75,82,52,84,79,79,78
[1741791618.734971] [AOA] Measurement: 0,1741791618.705233,18:fd:74:45:73:4e,2,1,1,0,128,712,844,772,882,925,1009,369,552,61,120,883,56,773,973,174,477,742,912,477,793,582,1023,465,924,901,111,429,860,201,850,558,221,93,88,95,84,96,85,79,52,90,86,90,90,82,81,70,70,87,88,72,75,81,74,86,59,86,72,79,44,78,74,71,72
[1741791618.813710] [AOA] Measurement: 0,1741791618.784583,18:fd:74:45:73:4e,2,1,1,0,128,682,825,769,855,940,974,391,526,14,72,900,51,832,13,169,405,830,967,444,790,987,798,559,949,921,137,961,43,619,597,674,493,73,71,74,65,75,64,57,40,67,65,68,66,60,63,47,51,63,65,50,54,56,49,64,37,61,50,55,23,50,49,44,46
[1741791618.893984] [AOA] Measurement: 0,1741791618.864309,18:fd:74:45:73:4e,2,1,1,0,128,630,781,242,652,343,787,875,316,459,914,370,932,302,850,658,277,809,953,412,768,426,925,1009,715,424,978,444,873,565,571,262,70,76,73,76,66,76,66,60,41,71,66,71,67,63,63,51,52,64,69,54,56,61,53,66,41,65,53,58,29,57,55,51,52
[1741791618.965829] [AOA] Measurement: 0,1741791618.935675,18:fd:74:45:73:4e,2,1,1,0,128,698,836,806,869,905,1000,456,570,40,76,875,52,822,1006,633,199,793,938,937,627,1002,827,517,929,394,951,498,913,125,781,473,290,71,68,72,65,74,61,57,41,68,64,69,67,60,64,46,50,64,66,51,55,56,53,66,37,63,51,57,25,54,51,47,51
[1741791619.032712] [AOA] Measurement: 0,1741791619.004405,18:fd:74:45:73:4e,2,1,1,0,128,655,825,813,851,949,1007,868,353,449,887,345,922,305,819,104,395,223,758,438,822,490,972,515,917,888,102,406,850,577,593,374,149,95,89,94,87,98,89,83,51,90,88,92,94,87,83,79,77,94,91,85,82,88,84,94,74,94,82,89,65,93,91,92,92
[1741791619.104533] [AOA] Measurement: 0,1741791619.074478,18:fd:74:45:73:4e,2,1,1,0,128,207,24,790,870,946,1001,416,542,996,48,278,849,841,1000,608,199,779,902,941,592,992,776,1023,753,385,946,441,859,660,636,70,865,77,73,76,67,77,65,61,42,72,69,74,71,64,65,55,55,70,71,60,59,63,59,71,48,71,58,65,36,64,60,60,63
[1741791619.183819] [AOA] Measurement: 0,1741791619.154345,18:fd:74:45:73:4e,2,1,1,0,128,677,848,274,699,400,792,404,562,8,63,858,8,259,811,168,398,776,906,885,569,994,809,1023,742,365,967,425,835,631,629,565,403,73,69,72,64,73,61,56,39,67,62,70,66,59,62,49,48,62,66,51,54,57,52,65,38,65,52,55,27,55,51,48,50
[1741791619.260147] [AOA] Measurement: 0,1741791619.230050,18:fd:74:45:73:4e,2,1,1,0,128,662,821,783,855,371,780,907,373,509,964,324,875,291,832,138,400,227,696,899,574,1010,792,1004,731,410,964,430,832,578,563,619,405,91,87,95,82,94,85,76,51,90,85,92,89,83,83,67,72,87,88,73,73,80,72,88,58,87,70,80,45,77,73,71,70
[1741791619.334720] [AOA] Measurement: 0,1741791619.305256,18:fd:74:45:73:4e,2,1,1,0,128,174,993,798,869,928,991,939,374,1015,80,897,39,872,27,186,454,774,900,478,820,480,974,1022,718,392,971,982,44,133,830,831,496,73,72,73,66,75,65,58,41,71,67,72,70,62,63,51,52,67,70,56,59,62,56,68,44,68,56,63,35,63,58,53,59
[1741791619.414616] [AOA] Measurement: 0,1741791619.385140,18:fd:74:45:73:4e,2,1,1,0,128,200,21,224,665,373,831,919,407,472,924,326,876,247,802,671,227,781,917,421,767,550,955,994,720,357,962,427,898,201,831,555,304,72,70,75,65,75,61,55,41,69,64,69,67,58,62,46,49,61,66,51,54,56,51,63,37,63,51,54,26,53,50,46,49
[1741791619.480986] [AOA] Measurement: 0,1741791619.454501,18:fd:74:45:73:4e,2,1,1,0,128,688,809,226,670,368,799,928,399,529,934,314,852,228,799,624,199,269,784,437,815,499,953,500,925,373,976,400,834,671,635,887,561,74,72,75,66,77,66,62,42,73,69,73,72,65,66,56,56,70,71,60,61,63,59,70,49,70,58,65,38,63,63,59,62
[1741791619.567751] [AOA] Measurement: 0,1741791619.525627,18:fd:74:45:73:4e,2,1,1,0,128,653,821,271,676,377,809,375,581,1010,85,879,59,818,996,193,420,776,930,481,862,534,996,574,961,960,163,1013,35,172,813,459,196,94,90,94,86,97,84,80,53,91,86,91,92,82,83,71,71,88,89,75,78,82,76,89,62,88,77,83,49,82,77,75,77
[1741791619.632748] [AOA] Measurement: 0,1741791619.604349,18:fd:74:45:73:4e,2,1,1,0,128,203,23,785,842,968,1012,430,571,14,74,877,67,832,41,164,396,786,957,432,787,529,982,474,864,406,1022,404,844,658,636,753,475,74,69,72,65,73,63,59,41,67,65,69,66,59,63,45,47,62,65,50,54,55,49,62,37,62,49,53,26,52,48,44,47
[1741791619.705500] [AOA] Measurement: 0,1741791619.675321,18:fd:74:45:73:4e,2,1,1,0,128,706,854,206,678,362,804,840,335,490,923,359,880,822,1008,166,416,826,952,457,807,529,989,507,912,955,173,982,45,645,601,417,196,94,88,94,84,95,82,78,51,89,85,90,89,80,82,71,72,88,88,77,76,82,78,89,63,89,75,83,49,83,78,76,79
[1741791619.772271] [AOA] Measurement: 0,1741791619.744406,18:fd:74:45:73:4e,2,1,1,0,128,159,1016,809,898,882,993,425,599,58,121,901,80,805,9,156,424,820,943,485,801,507,976,551,945,897,118,1012,55,219,826,867,609,95,90,96,85,97,87,82,52,91,88,92,93,85,82,76,75,92,91,79,80,85,82,93,70,93,80,87,58,89,85,84,89
[1741791619.844291] [AOA] Measurement: 0,1741791619.814467,18:fd:74:45:73:4e,2,1,1,0,128,654,829,811,878,920,1010,395,561,82,107,864,78,257,809,168,383,228,728,948,621,511,964,539,947,937,147,1008,77,114,790,123,854,73,71,73,66,75,64,60,42,70,68,73,71,64,65,52,55,68,71,58,60,64,58,70,46,69,59,64,36,65,58,57,62
[1741791619.924266] [AOA] Measurement: 0,1741791619.894429,18:fd:74:45:73:4e,2,1,1,0,128,712,887,815,863,894,1019,384,536,482,949,832,23,288,835,598,192,772,918,478,797,483,942,573,955,949,178,999,60,198,828,93,768,92,88,92,82,92,80,74,50,86,83,89,86,79,80,63,65,83,83,67,70,75,68,80,51,80,69,73,37,71,69,66,66
[1741791619.994812] [AOA] Measurement: 0,1741791619.965704,18:fd:74:45:73:4e,2,1,1,0,128,247,34,799,848,921,998,446,576,13,101,877,83,841,5,158,396,772,939,441,779,32,788,969,734,427,17,11,76,175,820,369,1013,78,74,78,71,80,70,65,43,76,71,75,75,68,67,56,58,73,73,62,62,66,63,74,48,73,61,66,36,67,61,58,63
[1741791620.063162] [AOA] Measurement: 0,1741791620.034379,18:fd:74:45:73:4e,2,1,1,0,128,209,1023,762,866,358,828,843,365,1020,78,333,859,825,1002,158,416,779,910,454,816,557,1010,556,940,951,142,6,69,109,798,838,571,92,89,95,84,95,83,78,53,89,85,92,88,81,81,69,70,85,86,72,75,81,74,90,60,89,74,80,49,83,77,79,78
[1741791620.135638] [AOA] Measurement: 0,1741791620.105771,18:fd:74:45:73:4e,2,1,1,0,128,671,806,251,661,383,801,873,343,525,962,815,36,276,842,626,226,809,896,944,628,996,799,544,944,377,1001,419,861,632,631,8,819,95,88,96,85,98,86,79,52,91,88,92,93,84,83,77,75,91,90,81,82,87,83,93,69,94,79,87,59,90,86,85,88
[1741791620.203294] [AOA] Measurement: 0,1741791620.174388,18:fd:74:45:73:4e,2,1,1,0,128,215,1018,800,883,938,1021,866,335,501,926,279,863,267,838,673,252,788,943,483,791,476,945,554,964,884,101,1023,70,135,806,483,110,72,71,74,66,74,65,58,41,70,65,70,68,60,63,47,50,63,67,53,56,56,53,66,38,62,53,57,27,55,54,50,50
[1741791620.274423] [AOA] Measurement: 0,1741791620.245616,18:fd:74:45:73:4e,2,1,1,0,128,755,855,253,647,359,797,843,349,516,928,330,874,216,797,665,218,311,800,914,605,549,998,553,923,925,123,1009,35,164,781,992,735,92,90,93,84,95,81,76,53,89,86,93,91,83,81,67,69,85,88,75,77,81,76,90,63,88,75,83,48,81,79,75,77
[1741791620.345146] [AOA] Measurement: 0,1741791620.315649,18:fd:74:45:73:4e,2,1,1,0,128,184,989,833,890,932,988,365,543,988,70,274,855,224,779,628,220,839,943,523,821,524,990,556,918,896,135,1016,35,174,825,447,62,94,90,94,83,96,86,80,51,90,85,90,89,81,81,71,71,86,89,75,77,83,75,88,61,89,76,82,49,81,78,76,77
[1741791620.424201] [AOA] Measurement: 0,1741791620.394512,18:fd:74:45:73:4e,2,1,1,0,128,654,826,271,693,357,807,827,312,1016,102,899,77,791,984,157,404,265,770,438,838,501,1011,517,952,953,186,937,25,127,784,557,369,74,68,73,64,75,63,57,40,70,67,71,67,59,64,48,50,64,66,51,56,58,51,63,38,63,51,55,27,53,52,49,50
[1741791620.490249] [AOA] Measurement: 0,1741791620.464351,18:fd:74:45:73:4e,2,1,1,0,128,707,859,175,627,427,827,872,381,482,931,309,843,846,0,624,197,825,957,421,757,993,804,5,751,952,150,3,69,198,806,735,345,94,90,94,82,94,83,76,53,88,84,89,86,77,79,62,64,79,82,68,68,71,66,80,49,78,66,70,35,70,66,61,66
[1741791620.563693] [AOA] Measurement: 0,1741791620.534349,18:fd:74:45:73:4e,2,1,1,0,128,724,858,815,878,928,997,433,562,447,925,286,842,246,821,642,207,247,755,437,812,1,807,997,726,439,1010,988,63,651,617,616,383,72,68,73,66,73,63,56,40,70,64,69,68,60,63,50,51,64,67,54,55,60,54,66,42,65,53,58,31,58,54,50,51
[1741791620.636494] [AOA] Measurement: 0,1741791620.605724,18:fd:74:45:73:4e,2,1,1,0,128,662,842,277,655,372,781,907,361,519,949,265,848,323,838,641,222,167,702,925,600,976,780,551,921,410,958,413,866,628,634,716,447,91,87,91,82,93,84,77,50,88,85,91,88,82,81,67,69,86,86,71,73,79,73,86,57,85,71,78,43,79,73,70,74
[1741791620.714719] [AOA] Measurement: 0,1741791620.685676,18:fd:74:45:73:4e,2,1,1,0,128,147,968,812,868,935,1,852,330,44,91,902,53,836,15,153,425,801,965,408,736,497,944,520,889,950,162,1008,62,150,819,934,603,74,70,75,66,75,66,60,42,69,66,72,70,64,65,54,55,69,69,58,60,64,61,71,47,71,60,65,39,66,60,61,61
[1741791620.782315] [AOA] Measurement: 0,1741791620.754372,18:fd:74:45:73:4e,2,1,1,0,128,666,833,795,836,926,983,873,383,460,919,303,860,289,823,181,430,823,937,872,548,973,768,5,736,445,1012,12,95,140,794,1016,765,74,71,74,65,74,65,59,41,70,68,72,70,64,64,52,52,68,70,57,58,61,56,68,45,68,55,61,33,59,56,56,56
[1741791620.855201] [AOA] Measurement: 0,1741791620.825796,18:fd:74:45:73:4e,2,1,1,0,128,179,1011,279,686,941,29,407,563,1000,55,836,42,844,30,211,471,824,957,446,788,576,1023,555,926,965,203,926,35,163,832,356,65,96,91,95,86,98,88,80,52,91,87,91,92,83,82,73,75,89,91,80,77,85,80,90,67,91,78,85,53,86,81,79,82
[1741791620.933773] [AOA] Measurement: 0,1741791620.904326,18:fd:74:45:73:4e,2,1,1,0,128,643,801,240,710,862,963,859,327,445,888,298,851,282,794,638,232,272,749,896,596,969,761,547,913,391,1008,940,9,603,583,863,631,75,70,74,67,75,65,59,42,70,68,72,70,64,65,52,55,68,69,57,57,64,57,68,45,68,59,64,35,66,61,59,61
[1741791621.012882] [AOA] Measurement: 0,1741791620.984344,18:fd:74:45:73:4e,2,1,1,0,128,666,822,216,673,413,815,351,511,2,84,832,42,843,0,237,458,816,920,867,575,34,820,982,719,382,982,17,82,106,811,306,1011,94,88,93,84,93,81,74,51,87,85,88,86,79,81,65,65,83,86,71,73,76,71,85,55,84,70,74,41,74,69,66,70
[1741791621.084977] [AOA] Measurement: 0,1741791621.055472,18:fd:74:45:73:4e,2,1,1,0,128,276,13,793,863,890,996,425,569,1013,97,853,57,805,10,148,393,809,945,419,769,501,948,542,941,978,202,1004,68,142,790,595,277,73,69,72,64,72,62,56,39,66,64,69,65,57,61,45,49,62,64,50,55,56,50,65,37,61,54,56,26,54,51,49,52
[1741791621.151921] [AOA] Measurement: 0,1741791621.124392,18:fd:74:45:73:4e,2,1,1,0,128,169,15,732,811,347,790,893,345,28,126,882,73,853,44,100,406,819,935,421,767,535,998,570,952,889,119,1021,47,140,785,31,765,74,72,74,68,77,68,62,42,71,68,73,71,63,66,52,53,67,69,55,59,61,57,69,45,69,55,61,34,62,59,57,58
[1741791621.223893] [AOA] Measurement: 0,1741791621.194479,18:fd:74:45:73:4e,2,1,1,0,128,641,795,284,712,373,823,829,333,3,75,843,29,828,1013,129,447,792,946,458,814,474,989,555,902,946,195,970,44,172,858,817,528,95,89,95,86,96,85,77,52,91,86,91,89,82,83,70,72,88,88,77,76,80,76,89,60,91,74,82,51,83,77,76,77
[1741791621.290921] [AOA] Measurement: 0,1741791621.264398,18:fd:74:45:73:4e,2,1,1,0,128,692,801,814,872,875,1012,368,518,421,890,342,891,287,843,661,212,252,758,422,783,522,978,525,919,386,969,391,819,641,595,627,408,95,89,93,85,98,86,80,52,89,86,92,91,83,82,68,72,88,89,75,75,82,77,89,61,88,74,81,48,80,73,73,75
[1741791621.377811] [AOA] Measurement: 0,1741791621.335798,18:fd:74:45:73:4e,2,1,1,0,128,676,816,238,669,964,1021,415,528,38,106,857,3,262,826,611,205,300,755,924,607,15,827,510,899,451,1020,1000,46,196,846,597,174,94,88,94,84,96,85,77,51,90,86,90,87,78,81,66,69,84,86,72,76,78,71,85,57,84,69,77,44,77,73,71,73
[1741791621.443250] [AOA] Measurement: 0,1741791621.414353,18:fd:74:45:73:4e,2,1,1,0,128,681,820,275,673,363,780,844,354,470,903,357,894,800,1011,169,432,781,919,494,820,445,916,517,886,385,947,430,876,618,580,883,689,74,71,75,66,76,64,57,41,69,66,70,68,61,65,49,54,66,69,57,57,60,56,68,44,67,56,60,32,59,57,55,55
[1741791621.515434] [AOA] Measurement: 0,1741791621.485677,18:fd:74:45:73:4e,2,1,1,0,128,672,784,237,675,351,803,893,369,517,940,286,855,276,800,676,242,244,724,872,571,58,811,515,921,363,931,409,812,616,582,483,403,90,87,92,82,93,81,75,52,87,82,88,86,78,81,65,65,79,83,67,69,72,67,82,48,80,67,73,35,69,66,64,63
[1741791621.594455] [AOA] Measurement: 0,1741791621.555652,18:fd:74:45:73:4e,2,1,1,0,128,694,828,246,694,365,813,906,379,538,927,296,868,854,20,191,428,800,924,396,745,985,797,531,936,359,980,439,884,636,623,783,537,76,70,76,68,77,67,61,41,71,68,72,70,62,66,52,51,67,70,55,59,62,58,68,46,69,57,62,34,61,59,57,57
[1741791621.664673] [AOA] Measurement: 0,1741791621.635606,18:fd:74:45:73:4e,2,1,1,0,128,691,868,219,663,990,50,359,546,23,122,812,6,833,6,188,446,781,923,934,620,507,962,544,947,917,147,922,1015,614,602,342,169,77,75,79,70,80,70,65,43,74,72,76,77,69,70,57,60,73,75,63,65,66,65,74,48,72,60,67,41,68,64,62,65
[1741791621.732153] [AOA] Measurement: 0,1741791621.704415,18:fd:74:45:73:4e,2,1,1,0,128,162,970,811,879,940,1015,394,576,78,120,858,39,806,997,108,408,860,940,459,832,565,1007,507,907,947,183,977,45,153,788,519,233,71,70,73,65,73,61,56,40,67,63,67,66,58,63,46,48,60,64,47,53,54,48,62,36,60,49,52,23,50,47,41,47
[1741791621.804304] [AOA] Measurement: 0,1741791621.774472,18:fd:74:45:73:4e,2,1,1,0,128,668,851,270,697,395,839,871,351,458,941,320,868,824,982,656,208,813,904,883,549,1003,799,984,739,415,997,984,9,96,764,137,902,75,70,75,67,77,64,61,41,71,68,72,72,64,66,53,54,67,68,56,58,63,56,69,44,67,58,62,31,59,57,55,59
[1741791621.875366] [AOA] Measurement: 0,1741791621.845676,18:fd:74:45:73:4e,2,1,1,0,128,633,801,223,651,379,798,889,357,495,906,289,885,240,792,644,211,224,699,906,591,972,792,571,956,908,100,326,812,151,785,896,634,70,68,71,62,72,61,55,39,67,63,68,65,59,61,43,47,60,63,48,51,54,47,60,34,60,47,51,22,50,45,40,44
[1741791621.955317] [AOA] Measurement: 0,1741791621.925708,18:fd:74:45:73:4e,2,1,1,0,128,646,809,785,838,918,997,880,360,31,125,810,1023,843,6,194,442,849,930,417,787,496,973,545,939,915,127,998,56,155,811,697,361,96,89,95,84,95,85,79,53,92,85,92,93,84,82,75,72,91,90,79,80,86,84,93,69,93,80,85,58,89,84,85,85
[1741791622.023044] [AOA] Measurement: 0,1741791621.994820,18:fd:74:45:73:4e,2,1,1,0,128,183,1013,196,627,336,803,888,360,453,930,325,875,273,830,150,417,285,763,446,792,514,968,1012,725,458,17,452,861,136,807,875,581,93,89,94,83,96,84,76,52,88,83,88,89,79,80,65,69,83,85,71,72,77,74,87,54,84,72,78,41,75,72,67,71
[1741791622.093791] [AOA] Measurement: 0,1741791622.064315,18:fd:74:45:73:4e,2,1,1,0,128,694,852,264,682,964,23,401,541,24,119,908,55,849,1013,134,404,786,907,896,574,1009,815,561,949,998,191,992,81,139,815,503,237,71,68,71,64,72,61,54,40,69,64,69,67,59,63,48,50,63,65,53,56,58,52,66,39,65,52,56,29,56,52,48,51
[1741791622.166114] [AOA] Measurement: 0,1741791622.135684,18:fd:74:45:73:4e,2,1,1,0,128,696,828,216,621,331,805,879,374,520,924,898,77,221,765,667,229,237,715,941,599,527,974,523,916,384,962,459,902,523,517,289,99,92,90,93,84,95,83,75,52,90,85,91,90,81,80,65,68,83,86,71,72,74,71,84,53,83,70,75,38,73,68,65,70
[1741791622.233149] [AOA] Measurement: 0,1741791622.204415,18:fd:74:45:73:4e,2,1,1,0,128,685,876,226,678,945,1019,373,561,1011,97,809,6,261,836,633,212,257,702,967,630,971,766,1002,740,979,191,997,51,152,831,1011,692,94,87,95,85,96,85,78,54,89,88,92,90,81,82,70,71,87,88,73,76,81,76,88,60,88,75,81,49,82,77,75,77
[1741791622.303913] [AOA] Measurement: 0,1741791622.274470,18:fd:74:45:73:4e,2,1,1,0,128,249,50,785,877,925,1011,429,584,1009,64,845,49,831,14,123,376,229,752,923,598,1021,839,576,957,380,967,356,812,196,796,418,140,75,72,77,68,77,67,60,43,73,69,73,72,64,65,54,57,70,71,59,60,64,61,72,50,72,60,67,37,65,62,61,64
[1741791622.370784] [AOA] Measurement: 0,1741791622.344355,18:fd:74:45:73:4e,2,1,1,0,128,670,786,207,645,392,798,899,377,542,960,290,838,179,764,645,196,174,701,949,609,964,771,1003,734,408,992,420,832,660,584,556,393,94,90,95,85,99,88,81,52,90,88,92,92,84,83,75,75,89,89,79,78,84,79,90,65,90,79,84,55,86,83,81,82
[1741791622.444720] [AOA] Measurement: 0,1741791622.415605,18:fd:74:45:73:4e,2,1,1,0,128,646,810,235,651,376,809,868,339,504,958,826,13,280,820,147,449,817,977,446,799,530,1,568,936,950,146,955,65,127,816,302,32,72,72,73,64,73,62,56,39,68,64,68,67,61,63,48,50,63,67,55,54,56,52,67,38,65,53,58,31,59,54,50,54
[1741791622.523029] [AOA] Measurement: 0,1741791622.494352,18:fd:74:45:73:4e,2,1,1,0,128,672,840,197,608,390,843,860,353,458,944,304,871,286,807,622,210,247,760,857,584,957,757,3,731,378,968,392,842,177,834,744,528,94,88,93,84,95,83,75,51,86,83,90,87,80,81,68,69,86,86,71,74,78,71,87,56,84,72,78,43,77,73,70,74
[1741791622.594933] [AOA] Measurement: 0,1741791622.565568,18:fd:74:45:73:4e,2,1,1,0,128,578,766,232,646,428,851,934,402,969,57,322,875,255,792,632,223,796,932,421,805,528,975,524,913,345,967,957,19,647,623,615,369,72,68,71,65,74,61,55,41,68,64,71,67,58,64,47,48,61,65,49,55,57,50,63,36,62,50,55,26,52,50,47,49
[1741791622.662880] [AOA] Measurement: 0,1741791622.634415,18:fd:74:45:73:4e,2,1,1,0,128,687,822,210,628,359,792,839,345,512,930,343,891,807,1003,177,434,816,971,480,835,499,975,517,919,970,138,958,1018,588,618,951,728,74,71,74,67,77,66,61,40,72,68,71,72,64,65,55,55,68,70,59,60,63,57,70,47,69,58,64,38,64,58,59,60
[1741791622.734071] [AOA] Measurement: 0,1741791622.704489,18:fd:74:45:73:4e,2,1,1,0,128,683,825,267,697,365,830,865,342,61,143,848,26,248,819,614,227,881,971,460,829,545,994,487,887,394,990,411,884,619,590,514,304,74,71,75,67,76,65,61,42,71,67,73,70,65,66,54,54,67,70,57,58,62,55,69,43,67,57,61,31,60,55,54,57
[1741791622.800677] [AOA] Measurement: 0,1741791622.774492,18:fd:74:45:73:4e,2,1,1,0,128,688,847,775,815,900,1014,382,543,485,936,839,39,803,994,653,263,723,889,447,820,578,1012,552,956,961,157,1,50,140,805,785,449,67,69,71,63,70,60,55,40,65,63,66,61,56,60,43,45,58,62,47,49,52,46,60,30,57,49,51,20,47,44,40,42
[1741791622.874106] [AOA] Measurement: 0,1741791622.845655,18:fd:74:45:73:4e,2,1,1,0,128,617,810,260,663,344,761,829,312,435,898,335,880,272,808,654,216,240,702,899,554,989,782,3,775,961,161,381,824,647,638,720,524,73,72,74,63,74,64,59,41,70,66,71,68,62,63,51,54,67,69,55,57,60,57,68,41,66,56,61,34,61,58,57,58
[1741791622.946403] [AOA] Measurement: 0,1741791622.916484,18:fd:74:45:73:4e,2,1,1,0,128,656,821,215,662,396,839,873,358,440,915,290,846,333,841,705,263,735,895,835,523,979,772,56,823,416,991,456,881,122,755,667,467,92,89,94,83,95,83,76,53,88,84,91,90,80,81,69,70,85,86,73,76,81,75,87,59,86,73,81,47,78,76,73,78
[1741791623.012389] [AOA] Measurement: 0,1741791622.984616,18:fd:74:45:73:4e,2,1,1,0,128,678,823,807,885,939,1008,389,562,1,72,869,25,799,1010,155,401,205,724,921,600,970,786,509,887,961,187,970,28,606,614,704,537,77,72,76,67,77,67,64,40,72,69,73,72,65,66,56,55,67,71,57,61,63,57,69,46,70,60,66,36,64,62,60,62
[1741791623.084459] [AOA] Measurement: 0,1741791623.054371,18:fd:74:45:73:4e,2,1,1,0,128,672,817,263,678,361,793,877,357,471,891,295,907,172,756,612,166,249,681,916,583,973,800,953,713,392,977,480,878,570,610,559,393,73,69,73,65,74,64,58,42,69,65,70,66,60,62,50,50,63,67,53,55,57,52,64,39,64,51,54,28,54,50,45,49
[1741791623.162549] [AOA] Measurement: 0,1741791623.134313,18:fd:74:45:73:4e,2,1,1,0,128,244,22,784,859,952,1,400,539,10,117,860,36,848,994,259,430,858,982,436,792,457,908,535,905,1014,181,1009,43,128,777,105,849,72,70,74,66,75,65,60,42,68,66,70,68,62,64,48,51,64,67,53,57,58,53,66,39,62,53,59,28,54,53,50,52
[1741791623.234980] [AOA] Measurement: 0,1741791623.205633,18:fd:74:45:73:4e,2,1,1,0,128,236,28,767,860,926,999,810,357,510,961,884,32,309,864,236,477,826,938,506,832,556,1003,610,953,959,149,909,9,154,824,465,198,73,72,77,67,74,65,59,41,70,68,71,68,61,65,49,52,66,69,57,57,61,55,67,42,67,56,62,33,60,56,52,57
[1741791623.303182] [AOA] Measurement: 0,1741791623.274370,18:fd:74:45:73:4e,2,1,1,0,128,709,840,779,841,955,1020,336,552,989,51,330,904,328,839,641,201,236,690,976,589,980,774,1006,746,383,981,984,46,105,781,819,551,94,89,95,85,95,83,77,51,89,85,91,89,78,83,69,70,85,85,73,74,80,72,86,57,86,74,80,43,79,74,71,74
[1741791623.374897] [AOA] Measurement: 0,1741791623.345634,18:fd:74:45:73:4e,2,1,1,0,128,232,36,798,853,887,971,436,546,0,90,847,50,825,1009,182,431,266,768,875,583,2,784,1008,762,971,186,963,34,149,804,37,767,75,73,77,68,78,67,61,42,72,68,72,70,64,64,54,53,68,70,58,59,64,57,70,45,69,58,64,35,62,58,55,57
[1741791623.457820] [AOA] Measurement: 0,1741791623.428491,18:fd:74:45:73:4e,2,1,1,0,128,623,785,256,675,366,784,907,357,482,908,902,40,230,790,635,245,781,934,903,589,942,736,33,763,367,954,481,867,700,674,230,988,96,89,96,85,97,88,79,51,89,87,92,92,83,82,73,74,91,90,78,78,83,80,90,65,91,79,86,54,87,83,83,83
[1741791623.534516] [AOA] Measurement: 0,1741791623.495685,18:fd:74:45:73:4e,2,1,1,0,128,645,818,272,661,368,804,862,380,495,960,896,92,816,1018,629,208,246,752,912,589,957,745,1001,739,455,16,992,27,197,789,588,364,95,90,94,86,95,87,80,52,92,89,93,94,85,83,74,75,91,91,82,81,86,81,93,68,94,80,86,56,87,82,83,85
[1741791623.605374] [AOA] Measurement: 0,1741791623.575758,18:fd:74:45:73:4e,2,1,1,0,128,717,848,229,675,978,32,378,558,1014,79,804,1013,309,841,635,227,187,673,990,645,1004,789,0,721,439,1012,460,897,645,644,211,0,91,87,94,84,94,83,75,52,87,84,89,87,79,81,62,66,82,84,67,73,75,64,80,50,83,65,72,37,70,65,61,66
[1741791623.672166] [AOA] Measurement: 0,1741791623.644397,18:fd:74:45:73:4e,2,1,1,0,128,642,786,253,690,946,1001,393,532,35,78,915,85,785,1011,147,420,762,917,464,812,522,999,516,958,969,174,998,76,155,806,1011,732,73,71,73,67,76,67,60,40,70,68,72,71,64,66,53,55,68,71,57,59,61,57,69,44,68,56,61,33,58,57,54,54
[1741791623.744331] [AOA] Measurement: 0,1741791623.714584,18:fd:74:45:73:4e,2,1,1,0,128,705,870,214,656,443,866,852,332,508,944,306,857,335,846,162,410,783,941,444,797,511,995,501,923,971,140,359,874,153,787,967,767,74,71,75,65,76,66,60,42,71,67,72,71,62,63,51,53,67,69,58,59,63,59,69,46,68,59,64,36,64,61,58,62
[1741791623.810461] [AOA] Measurement: 0,1741791623.784447,18:fd:74:45:73:4e,2,1,1,0,128,654,812,284,709,933,12,831,324,509,936,323,877,851,26,141,383,853,961,440,787,529,988,602,975,921,154,958,1018,158,827,675,348,93,91,95,83,94,82,78,51,89,83,90,88,79,81,68,69,84,86,72,73,77,72,86,56,85,73,77,46,78,73,71,73
[1741791623.897559] [AOA] Measurement: 0,1741791623.855709,18:fd:74:45:73:4e,2,1,1,0,128,656,832,211,624,400,816,412,557,996,97,809,16,258,833,173,430,189,725,927,625,988,791,974,711,335,922,444,867,619,620,193,995,73,70,74,65,74,63,57,40,67,64,68,66,57,61,45,48,59,61,48,54,55,48,60,35,59,48,51,23,50,47,41,46
[1741791623.975378] [AOA] Measurement: 0,1741791623.945602,18:fd:74:45:73:4e,2,1,1,0,128,686,835,246,677,395,838,822,319,494,927,293,867,293,821,617,221,800,931,435,806,962,759,519,953,914,129,404,855,652,619,922,667,95,88,93,85,94,86,80,52,88,86,91,90,84,81,69,71,88,87,76,77,81,76,89,60,88,76,84,52,84,78,76,82
[1741791624.054249] [AOA] Measurement: 0,1741791624.024432,18:fd:74:45:73:4e,2,1,1,0,128,670,839,293,718,896,966,857,360,996,112,830,21,838,16,166,405,777,939,453,794,521,968,533,948,926,121,423,857,160,795,175,958,76,73,76,67,76,66,60,41,71,68,72,70,65,65,51,55,68,70,59,60,64,59,71,49,70,61,66,38,67,63,60,63
[1741791624.121172] [AOA] Measurement: 0,1741791624.094341,18:fd:74:45:73:4e,2,1,1,0,128,613,788,201,629,450,823,887,363,462,909,343,902,248,812,177,422,244,743,518,831,497,957,1005,733,363,951,455,878,650,644,339,74,72,68,72,65,72,63,58,40,68,65,69,66,59,64,50,52,65,65,54,56,59,52,65,40,63,54,58,28,54,52,48,49
[1741791624.201846] [AOA] Measurement: 0,1741791624.165654,18:fd:74:45:73:4e,2,1,1,0,128,674,838,195,623,363,750,935,376,466,934,820,3,808,1004,623,207,272,765,454,798,532,979,970,720,407,968,465,866,647,617,917,683,73,71,73,65,77,66,60,41,70,69,73,72,64,65,54,56,67,70,58,59,63,57,69,44,66,58,62,33,61,57,53,57
[1741791624.273386] [AOA] Measurement: 0,1741791624.245035,18:fd:74:45:73:4e,2,1,1,0,128,672,807,244,649,460,838,836,348,447,896,320,874,803,1011,630,196,221,732,822,505,984,771,1005,733,411,986,465,872,611,622,65,801,94,89,93,83,96,84,78,52,88,85,90,91,82,81,70,70,86,89,76,76,82,76,90,61,88,75,83,52,84,78,78,78
[1741791624.345575] [AOA] Measurement: 0,1741791624.315833,18:fd:74:45:73:4e,2,1,1,0,128,718,899,771,858,940,1008,393,576,1010,103,845,36,770,1013,596,193,286,747,441,792,550,1013,475,883,369,976,3,53,141,794,347,38,74,70,75,66,75,66,60,41,71,67,72,71,63,65,51,51,64,68,54,57,58,52,66,41,64,52,60,30,56,53,51,52
[1741791624.438090] [AOA] Measurement: 0,1741791624.395610,18:fd:74:45:73:4e,2,1,1,0,128,669,801,208,628,409,828,853,335,498,920,285,870,315,862,614,225,762,912,454,817,960,773,1002,722,381,1005,422,904,582,611,113,968,74,71,75,67,76,66,59,41,70,66,72,69,62,65,52,54,67,69,54,57,59,56,67,43,65,54,61,30,58,56,52,57
[1741791624.503199] [AOA] Measurement: 0,1741791624.474380,18:fd:74:45:73:4e,2,1,1,0,128,688,809,251,649,344,807,790,291,459,902,317,842,301,853,599,243,791,910,908,612,552,984,535,952,896,115,388,821,142,785,630,419,92,86,94,83,92,83,76,52,89,84,90,89,80,79,67,70,87,86,73,73,79,75,89,58,87,74,81,49,83,77,74,77
[1741791624.576506] [AOA] Measurement: 0,1741791624.545639,18:fd:74:45:73:4e,2,1,1,0,128,667,822,260,650,400,841,875,381,508,946,318,877,875,2,149,406,740,905,445,793,1021,807,507,916,374,981,977,52,75,769,675,467,70,67,72,63,71,60,54,39,67,63,67,64,58,60,43,47,59,62,44,50,50,43,57,31,55,45,47,18,47,41,38,42
[1741791624.645430] [AOA] Measurement: 0,1741791624.615567,18:fd:74:45:73:4e,2,1,1,0,128,715,862,229,659,403,820,846,311,494,919,870,33,223,815,580,179,286,735,939,610,1021,831,467,899,915,163,999,32,172,825,830,478,73,70,75,64,75,64,60,41,71,67,71,71,62,65,48,50,65,68,55,57,60,54,68,39,65,55,60,28,55,53,49,51
[1741791624.707575] [AOA] Measurement: 0,1741791624.684448,18:fd:74:45:73:4e,2,1,1,0,128,202,1008,776,836,429,842,443,582,52,131,886,54,795,1017,651,249,215,724,458,774,527,950,566,937,899,112,388,834,629,599,120,892,75,72,76,66,76,65,61,41,70,67,72,69,64,64,53,56,68,69,56,58,62,57,69,44,66,57,62,35,62,57,55,57
[1741791624.766987] [AOA] Measurement: 0,1741791624.744410,18:fd:74:45:73:4e,2,1,1,0,128,672,826,261,659,365,796,836,348,473,924,264,856,292,854,142,385,763,938,444,806,533,997,557,947,941,161,955,62,148,813,210,967,93,88,95,84,98,87,78,53,89,86,93,92,84,84,74,73,92,90,78,79,83,77,90,64,90,77,84,50,84,76,75,78
[1741791624.827520] [AOA] Measurement: 0,1741791624.804399,18:fd:74:45:73:4e,2,1,1,0,128,648,801,203,651,338,791,889,379,472,942,299,884,280,848,553,191,208,710,947,621,992,782,546,922,355,964,477,844,645,632,122,938,94,88,95,83,95,82,73,52,87,82,87,87,79,80,68,68,84,88,72,73,77,74,86,58,85,73,78,45,80,73,68,73
[1741791624.887553] [AOA] Measurement: 0,1741791624.864422,18:fd:74:45:73:4e,2,1,1,0,128,695,848,248,673,359,804,836,326,525,947,284,885,830,1010,139,404,284,784,448,798,972,754,947,684,422,1007,425,821,609,572,999,880,96,89,96,86,98,87,80,52,91,89,93,92,83,84,73,73,89,89,79,79,84,82,92,65,90,78,83,54,86,81,83,82
[1741791624.947583] [AOA] Measurement: 0,1741791624.924457,18:fd:74:45:73:4e,2,1,1,0,128,611,803,297,673,365,783,928,381,438,902,881,39,846,1,214,454,806,943,430,780,517,987,514,905,409,990,445,903,155,791,54,876,75,73,77,67,77,68,64,42,73,68,74,76,68,67,59,57,71,71,61,63,67,63,72,52,74,61,67,43,67,65,66,65
[1741791625.012590] [AOA] Measurement: 0,1741791624.984781,18:fd:74:45:73:4e,2,1,1,0,128,732,870,795,892,900,993,391,563,1001,94,887,26,272,815,625,229,245,710,499,823,976,801,587,951,958,141,973,12,638,637,788,529,94,89,95,85,95,87,80,52,90,85,91,92,85,83,73,74,90,89,79,78,82,79,91,62,87,75,81,48,80,75,75,75
