[1741791602.949791] [AOA] Measurement: 0,1741791602.921608,78:9a:18:7c:fa:69,2,1,2,2,128,389,279,34,70,22,962,868,592,418,916,300,874,354,897,539,183,484,1013,190,921,709,73,800,984,929,154,812,92,219,880,152,9,81,80,78,83,70,75,51,72,77,68,79,75,80,74,79,75,66,71,62,69,70,66,75,61,80,65,71,47,72,71,71,76
[1741791603.023247] [AOA] Measurement: 0,1741791602.991516,78:9a:18:7c:fa:69,2,1,2,2,128,389,279,34,70,22,962,868,592,418,916,300,874,354,897,539,183,484,1013,190,921,709,73,800,984,929,154,812,92,219,880,152,9,65,42023,0,17218,64,12898,16,302,56584,20495,39535,279,9,30727,6298,64124,105,73,66,73,75,72,81,68,82,69,75,51,77,74,75,80
[1741791603.090819] [AOA] Measurement: 0,1741791603.061489,78:9a:18:7c:fa:69,2,1,2,2,128,389,279,34,70,22,962,868,592,418,916,300,874,354,897,539,183,484,1013,190,921,709,73,800,984,929,154,812,92,219,880,152,9,81,80,78,83,70,75,51,72,77,68,79,75,80,74,79,75,66,71,62,69,70,66,75,61,80,65,71,47,72,71,71,76
[1741791603.175984] [AOA] Measurement: 0,1741791603.130213,78:9a:18:7c:fa:69,2,1,2,2,128,389,279,34,70,22,962,868,592,418,916,300,874,354,897,539,183,484,1013,190,921,709,73,800,984,929,154,812,92,219,880,152,9,65,42023,0,17218,64,12898,16,302,56584,20495,39535,279,9,30727,6298,64124,105,73,66,73,75,72,81,68,82,69,75,51,77,74,75,80
[1741791603.251985] [AOA] Measurement: 0,1741791603.221466,78:9a:18:7c:fa:69,2,1,2,2,128,389,279,34,70,22,962,868,592,418,916,300,874,354,897,539,183,484,1013,190,921,709,73,800,984,929,154,812,92,219,880,152,9,81,80,78,83,70,75,51,72,77,68,79,75,80,74,79,75,66,71,62,69,70,66,75,61,80,65,71,47,72,71,71,76
[1741791603.333558] [AOA] Measurement: 0,1741791603.301440,78:9a:18:7c:fa:69,2,1,2,2,128,389,279,34,70,22,962,868,592,418,916,300,874,354,897,539,183,484,1013,190,921,709,73,800,984,929,154,812,92,219,880,152,9,65,42023,0,17218,64,12898,16,302,56584,20495,39535,279,9,30727,6298,64124,105,73,66,73,75,72,81,68,82,69,75,51,77,74,75,80
[1741791603.411884] [AOA] Measurement: 0,1741791603.381440,78:9a:18:7c:fa:69,2,1,2,2,128,389,279,34,70,22,962,868,592,418,916,300,874,354,897,539,183,484,1013,190,921,709,73,800,984,929,154,812,92,219,880,152,9,81,80,78,83,70,75,51,72,77,68,79,75,80,74,79,75,66,71,62,69,70,66,75,61,80,65,71,47,72,71,71,76
[1741791603.490209] [AOA] Measurement: 0,1741791603.461460,78:9a:18:7c:fa:69,2,1,2,2,128,389,279,34,70,22,962,868,592,418,916,300,874,354,897,539,183,484,1013,190,921,709,73,800,984,929,154,812,92,219,880,152,9,81,80,78,83,70,75,51,72,77,68,79,75,80,74,79,75,66,71,62,69,70,66,75,61,80,65,71,47,72,71,71,76
[1741791603.563128] [AOA] Measurement: 0,1741791603.531541,78:9a:18:7c:fa:69,2,1,2,2,128,389,279,34,70,22,962,868,592,418,916,300,874,354,897,539,183,484,1013,190,921,709,73,800,984,929,154,812,92,219,880,152,9,65,42023,0,17218,64,12898,16,302,56584,20495,39535,279,9,30727,6298,64124,105,73,66,73,75,72,81,68,82,69,75,51,77,74,75,80
[1741791603.638182] [AOA] Measurement: 0,1741791603.610201,78:9a:18:7c:fa:69,2,1,2,2,128,389,279,34,70,22,962,868,592,418,916,300,874,354,897,539,183,484,1013,190,921,709,73,800,984,929,154,812,92,219,880,152,9,81,80,78,83,70,75,51,72,77,68,79,75,80,74,79,75,66,71,62,69,70,66,75,61,80,65,71,47,72,71,71,76
[1741791603.710906] [AOA] Measurement: 0,1741791603.681599,78:9a:18:7c:fa:69,2,1,2,2,128,389,279,34,70,22,962,868,592,418,916,300,874,354,897,539,183,484,1013,190,921,709,73,800,984,929,154,812,92,219,880,152,9,82,80,81,84,72,77,55,75,78,71,80,78,82,74,81,76,70,72,65,73,74,68,80,64,82,69,73,51,76,74,74,79
[1741791603.778059] [AOA] Measurement: 0,1741791603.750144,78:9a:18:7c:fa:69,2,1,2,2,128,389,279,34,70,22,962,868,592,418,916,300,874,354,897,539,183,484,1013,190,921,709,73,800,984,929,154,812,92,219,880,152,9,81,80,78,83,70,75,51,72,77,68,79,75,80,74,79,75,66,71,62,69,70,66,75,61,80,65,71,47,72,71,71,76
[1741791603.847083] [AOA] Measurement: 0,1741791603.820370,78:9a:18:7c:fa:69,2,1,2,2,128,389,279,34,70,22,962,868,592,418,916,300,874,354,897,539,183,484,1013,190,921,709,73,800,984,929,154,812,92,219,880,152,9,82,80,81,84,72,77,55,75,78,71,80,78,82,74,81,76,70,72,65,73,74,68,80,64,82,69,73,51,76,74,74,79
[1741791603.916175] [AOA] Measurement: 0,1741791603.890167,78:9a:18:7c:fa:69,2,1,2,2,128,389,279,34,70,22,962,868,592,418,916,300,874,354,897,539,183,484,1013,190,921,709,73,800,984,929,154,812,92,219,880,152,9,81,80,78,83,70,75,51,72,77,68,79,75,80,74,79,75,66,71,62,69,70,66,75,61,80,65,71,47,72,71,71,76
[1741791603.998489] [AOA] Measurement: 0,1741791603.960276,78:9a:18:7c:fa:69,2,1,2,2,128,389,279,34,70,22,962,868,592,418,916,300,874,354,897,539,183,484,1013,190,921,709,73,800,984,929,154,812,92,219,880,152,9,65,42023,0,17218,64,12898,16,302,56584,20495,39535,279,9,30727,6298,64124,105,73,66,73,75,72,81,68,82,69,75,51,77,74,75,80
[1741791604.067866] [AOA] Measurement: 0,1741791604.040170,78:9a:18:7c:fa:69,2,1,2,2,128,389,279,34,70,22,962,868,592,418,916,300,874,354,897,539,183,484,1013,190,921,709,73,800,984,929,154,812,92,219,880,152,9,81,80,78,83,70,75,51,72,77,68,79,75,80,74,79,75,66,71,62,69,70,66,75,61,80,65,71,47,72,71,71,76
[1741791604.141975] [AOA] Measurement: 0,1741791604.110281,78:9a:18:7c:fa:69,2,1,2,2,128,389,279,34,70,22,962,868,592,418,916,300,874,354,897,539,183,484,1013,190,921,709,73,800,984,929,154,812,92,219,880,152,9,65,42023,0,17218,64,12898,16,302,56584,20495,39535,279,9,30727,6298,64124,105,73,66,73,75,72,81,68,82,69,75,51,77,74,75,80
[1741791604.220905] [AOA] Measurement: 0,1741791604.191580,78:9a:18:7c:fa:69,2,1,2,2,128,389,279,34,70,22,962,868,592,418,916,300,874,354,897,539,183,484,1013,190,921,709,73,800,984,929,154,812,92,219,880,152,9,82,80,81,84,72,77,55,75,78,71,80,78,82,74,81,76,70,72,65,73,74,68,80,64,82,69,73,51,76,74,74,79
[1741791604.303799] [AOA] Measurement: 0,1741791604.274289,78:9a:18:7c:fa:69,2,1,2,2,128,389,279,34,70,22,962,868,592,418,916,300,874,354,897,539,183,484,1013,190,921,709,73,800,984,929,154,812,92,219,880,152,9,81,80,78,83,70,75,51,72,77,68,79,75,80,74,79,75,66,71,62,69,70,66,75,61,80,65,71,47,72,71,71,76
[1741791604.380675] [AOA] Measurement: 0,1741791604.351425,78:9a:18:7c:fa:69,2,1,2,2,128,389,279,34,70,22,962,868,592,418,916,300,874,354,897,539,183,484,1013,190,921,709,73,800,984,929,154,812,92,219,880,152,9,82,80,81,84,72,77,55,75,78,71,80,78,82,74,81,76,70,72,65,73,74,68,80,64,82,69,73,51,76,74,74,79
[1741791604.448968] [AOA] Measurement: 0,1741791604.420187,78:9a:18:7c:fa:69,2,1,2,2,128,389,279,34,70,22,962,868,592,418,916,300,874,354,897,539,183,484,1013,190,921,709,73,800,984,929,154,812,92,219,880,152,9,81,80,78,83,70,75,51,72,77,68,79,75,80,74,79,75,66,71,62,69,70,66,75,61,80,65,71,47,72,71,71,76
[1741791604.520332] [AOA] Measurement: 0,1741791604.491081,78:9a:18:7c:fa:69,2,1,2,2,128,389,279,34,70,22,962,868,592,418,916,300,874,354,897,539,183,484,1013,190,921,709,73,800,984,929,154,812,92,219,880,152,9,82,80,81,84,72,77,55,75,78,71,80,78,82,74,81,76,70,72,65,73,74,68,80,64,82,69,73,51,76,74,74,79
[1741791604.586191] [AOA] Measurement: 0,1741791604.560199,78:9a:18:7c:fa:69,2,1,2,2,128,389,279,34,70,22,962,868,592,418,916,300,874,354,897,539,183,484,1013,190,921,709,73,800,984,929,154,812,92,219,880,152,9,81,80,78,83,70,75,51,72,77,68,79,75,80,74,79,75,66,71,62,69,70,66,75,61,80,65,71,47,72,71,71,76
[1741791604.658593] [AOA] Measurement: 0,1741791604.630303,78:9a:18:7c:fa:69,2,1,2,2,128,389,279,34,70,22,962,868,592,418,916,300,874,354,897,539,183,484,1013,190,921,709,73,800,984,929,154,812,92,219,880,152,9,82,80,81,84,72,77,55,75,78,71,80,78,82,74,81,76,70,72,65,73,74,68,80,64,82,69,73,51,76,74,74,79
[1741791604.739475] [AOA] Measurement: 0,1741791604.708324,78:9a:18:7c:fa:69,2,1,2,2,128,389,279,34,70,22,962,868,592,418,916,300,874,354,897,539,183,484,1013,190,921,709,73,800,984,929,154,812,92,219,880,152,9,81,80,78,83,70,75,51,72,77,68,79,75,80,74,79,75,66,71,62,69,70,66,75,61,80,65,71,47,72,71,71,76
[1741791604.815526] [AOA] Measurement: 0,1741791604.786264,78:9a:18:7c:fa:69,2,1,2,2,128,389,279,34,70,22,962,868,592,418,916,300,874,354,897,539,183,484,1013,190,921,709,73,800,984,929,154,812,92,219,880,152,9,82,80,81,84,72,77,55,75,78,71,80,78,82,74,81,76,70,72,65,73,74,68,80,64,82,69,73,51,76,74,74,79
[1741791604.887449] [AOA] Measurement: 0,1741791604.860385,78:9a:18:7c:fa:69,2,1,2,2,128,389,279,34,70,22,962,868,592,418,916,300,874,354,897,539,183,484,1013,190,921,709,73,800,984,929,154,812,92,219,880,152,9,81,80,78,83,70,75,51,72,77,68,79,75,80,74,79,75,66,71,62,69,70,66,75,61,80,65,71,47,72,71,71,76
[1741791604.960932] [AOA] Measurement: 0,1741791604.931579,78:9a:18:7c:fa:69,2,1,2,2,128,389,279,34,70,22,962,868,592,418,916,300,874,354,897,539,183,484,1013,190,921,709,73,800,984,929,154,812,92,219,880,152,9,81,80,78,83,70,75,51,72,77,68,79,75,80,74,79,75,66,71,62,69,70,66,75,61,80,65,71,47,72,71,71,76
[1741791605.040244] [AOA] Measurement: 0,1741791605.011045,78:9a:18:7c:fa:69,2,1,2,2,128,389,279,34,70,22,962,868,592,418,916,300,874,354,897,539,183,484,1013,190,921,709,73,800,984,929,154,812,92,219,880,152,9,82,80,81,84,72,77,55,75,78,71,80,78,82,74,81,76,70,72,65,73,74,68,80,64,82,69,73,51,76,74,74,79
[1741791605.110393] [AOA] Measurement: 0,1741791605.080222,78:9a:18:7c:fa:69,2,1,2,2,128,389,279,34,70,22,962,868,592,418,916,300,874,354,897,539,183,484,1013,190,921,709,73,800,984,929,154,812,92,219,880,152,9,65,42023,0,17218,64,12898,16,302,56584,20495,39535,279,9,30727,6298,64124,105,71,61,67,70,63,72,59,76,61,67,43,69,68,65,75
[1741791605.180877] [AOA] Measurement: 0,1741791605.151662,78:9a:18:7c:fa:69,2,1,2,2,128,389,279,34,70,22,962,868,592,418,916,300,874,354,897,539,183,484,1013,190,921,709,73,800,984,929,154,812,92,219,880,152,9,82,80,81,84,72,77,55,75,78,71,80,78,82,74,81,76,70,72,65,73,74,68,80,64,82,69,73,51,76,74,74,79
[1741791605.275708] [AOA] Measurement: 0,1741791605.230172,78:9a:18:7c:fa:69,2,1,2,2,128,389,279,34,70,22,962,868,592,418,916,300,874,354,897,539,183,484,1013,190,921,709,73,800,984,929,154,812,92,219,880,152,9,65,42023,0,17218,64,12898,16,302,56584,20495,39535,279,9,30727,6298,64124,105,71,61,67,70,63,72,59,76,61,67,43,69,68,65,75
[1741791605.351133] [AOA] Measurement: 0,1741791605.321536,78:9a:18:7c:fa:69,2,1,2,2,128,389,279,34,70,22,962,868,592,418,916,300,874,354,897,539,183,484,1013,190,921,709,73,800,984,929,154,812,92,219,880,152,9,82,80,81,84,72,77,55,75,78,71,80,78,82,74,81,76,70,72,65,73,74,68,80,64,82,69,73,51,76,74,74,79
[1741791605.416129] [AOA] Measurement: 0,1741791605.390299,78:9a:18:7c:fa:69,2,1,2,2,128,389,279,34,70,22,962,868,592,418,916,300,874,354,897,539,183,484,1013,190,921,709,73,800,984,929,154,812,92,219,880,152,9,81,80,78,83,70,75,51,72,77,68,79,75,80,74,79,75,66,71,62,69,70,66,75,61,80,65,71,47,72,71,71,76
[1741791605.488205] [AOA] Measurement: 0,1741791605.460181,78:9a:18:7c:fa:69,2,1,2,2,128,389,279,34,70,22,962,868,592,418,916,300,874,354,897,539,183,484,1013,190,921,709,73,800,984,929,154,812,92,219,880,152,9,82,80,81,84,72,77,55,75,78,71,80,78,82,74,81,76,70,72,65,73,74,68,80,64,82,69,73,51,76,74,74,79
[1741791605.560694] [AOA] Measurement: 0,1741791605.531481,78:9a:18:7c:fa:69,2,1,2,2,128,389,279,34,70,22,962,868,592,418,916,300,874,354,897,539,183,484,1013,190,921,709,73,800,984,929,154,812,92,219,880,152,9,81,80,78,83,70,75,51,72,77,68,79,75,80,74,79,75,66,71,62,69,70,66,75,61,80,65,71,47,72,71,71,76
[1741791605.630778] [AOA] Measurement: 0,1741791605.600294,78:9a:18:7c:fa:69,2,1,2,2,128,389,279,34,70,22,962,868,592,418,916,300,874,354,897,539,183,484,1013,190,921,709,73,800,984,929,154,812,92,219,880,152,9,65,42023,0,17218,64,12898,16,302,56584,20495,39535,279,9,30727,6298,64124,105,71,61,67,70,63,72,59,76,61,67,43,69,68,65,75
[1741791605.700699] [AOA] Measurement: 0,1741791605.671458,78:9a:18:7c:fa:69,2,1,2,2,128,389,279,34,70,22,962,868,592,418,916,300,874,354,897,539,183,484,1013,190,921,709,73,800,984,929,154,812,92,219,880,152,9,82,80,81,84,72,77,55,75,78,71,80,78,82,74,81,76,70,72,65,73,74,68,80,64,82,69,73,51,76,74,74,79
[1741791605.770337] [AOA] Measurement: 0,1741791605.740253,78:9a:18:7c:fa:69,2,1,2,2,128,389,279,34,70,22,962,868,592,418,916,300,874,354,897,539,183,484,1013,190,921,709,73,800,984,929,154,812,92,219,880,152,9,65,42023,0,17218,64,12898,16,302,56584,20495,39535,279,9,30727,6298,64124,105,71,61,67,70,63,72,59,76,61,67,43,69,68,65,75
[1741791605.840716] [AOA] Measurement: 0,1741791605.811549,78:9a:18:7c:fa:69,2,1,2,2,128,389,279,34,70,22,962,868,592,418,916,300,874,354,897,539,183,484,1013,190,921,709,73,800,984,929,154,812,92,219,880,152,9,82,80,81,84,72,77,55,75,78,71,80,78,82,74,81,76,70,72,65,73,74,68,80,64,82,69,73,51,76,74,74,79
[1741791605.908354] [AOA] Measurement: 0,1741791605.880176,78:9a:18:7c:fa:69,2,1,2,2,128,389,279,34,70,22,962,868,592,418,916,300,874,354,897,539,183,484,1013,190,921,709,73,800,984,929,154,812,92,219,880,152,9,65,42023,0,17218,64,12898,16,302,56584,20495,39535,279,9,30727,6298,64124,105,71,61,67,70,63,72,59,76,61,67,43,69,68,65,75
[1741791605.977995] [AOA] Measurement: 0,1741791605.950201,78:9a:18:7c:fa:69,2,1,2,2,128,389,279,34,70,22,962,868,592,418,916,300,874,354,897,539,183,484,1013,190,921,709,73,800,984,929,154,812,92,219,880,152,9,82,80,81,84,72,77,55,75,78,71,80,78,82,74,81,76,70,72,65,73,74,68,80,64,82,69,73,51,76,74,74,79
[1741791606.052884] [AOA] Measurement: 0,1741791606.021245,78:9a:18:7c:fa:69,2,1,2,2,128,389,279,34,70,22,962,868,592,418,916,300,874,354,897,539,183,484,1013,190,921,709,73,800,984,929,154,812,92,219,880,152,9,65,42023,0,17218,64,12898,16,302,56584,20495,39535,279,9,30727,6298,64124,105,71,61,67,70,63,72,59,76,61,67,43,69,68,65,75
[1741791606.116148] [AOA] Measurement: 0,1741791606.090202,78:9a:18:7c:fa:69,2,1,2,2,128,389,279,34,70,22,962,868,592,418,916,300,874,354,897,539,183,484,1013,190,921,709,73,800,984,929,154,812,92,219,880,152,9,82,80,81,84,72,77,55,75,78,71,80,78,82,74,81,76,70,72,65,73,74,68,80,64,82,69,73,51,76,74,74,79
[1741791606.198491] [AOA] Measurement: 0,1741791606.160290,78:9a:18:7c:fa:69,2,1,2,2,128,389,279,34,70,22,962,868,592,418,916,300,874,354,897,539,183,484,1013,190,921,709,73,800,984,929,154,812,92,219,880,152,9,65,42023,0,17218,64,12898,16,302,56584,20495,39535,279,9,30727,6298,64124,105,71,61,67,70,63,72,59,76,61,67,43,69,68,65,75
[1741791606.267768] [AOA] Measurement: 0,1741791606.240151,78:9a:18:7c:fa:69,2,1,2,2,128,389,279,34,70,22,962,868,592,418,916,300,874,354,897,539,183,484,1013,190,921,709,73,800,984,929,154,812,92,219,880,152,9,82,80,81,84,72,77,55,75,78,71,80,78,82,74,81,76,70,72,65,73,74,68,80,64,82,69,73,51,76,74,74,79
[1741791606.343978] [AOA] Measurement: 0,1741791606.311561,78:9a:18:7c:fa:69,2,1,2,2,128,389,279,34,70,22,962,868,592,418,916,300,874,354,897,539,183,484,1013,190,921,709,73,800,984,929,154,812,92,219,880,152,9,65,42023,0,17218,64,12898,16,302,56584,20495,39535,279,9,30727,6298,64124,105,71,61,67,70,63,72,59,76,61,67,43,69,68,65,75
[1741791606.423191] [AOA] Measurement: 0,1741791606.391581,78:9a:18:7c:fa:69,2,1,2,2,128,389,279,34,70,22,962,868,592,418,916,300,874,354,897,539,183,484,1013,190,921,709,73,800,984,929,154,812,92,219,880,152,9,65,42023,0,17218,64,12898,16,302,56584,20495,39535,279,9,30727,6298,64124,105,71,61,67,70,63,72,59,76,61,67,43,69,68,65,75
[1741791606.490329] [AOA] Measurement: 0,1741791606.461162,78:9a:18:7c:fa:69,2,1,2,2,128,389,279,34,70,22,962,868,592,418,916,300,874,354,897,539,183,484,1013,190,921,709,73,800,984,929,154,812,92,219,880,152,9,82,80,81,84,72,77,55,75,78,71,80,78,82,74,81,76,70,72,65,73,74,68,80,64,82,69,73,51,76,74,74,79
[1741791606.560317] [AOA] Measurement: 0,1741791606.530202,78:9a:18:7c:fa:69,2,1,2,2,128,389,279,34,70,22,962,868,592,418,916,300,874,354,897,539,183,484,1013,190,921,709,73,800,984,929,154,812,92,219,880,152,9,65,42023,0,17218,64,12898,16,302,56584,20495,39535,279,9,30727,6298,64124,105,71,61,67,70,63,72,59,76,61,67,43,69,68,65,75
[1741791606.630616] [AOA] Measurement: 0,1741791606.601537,78:9a:18:7c:fa:69,2,1,2,2,128,389,279,34,70,22,962,868,592,418,916,300,874,354,897,539,183,484,1013,190,921,709,73,800,984,929,154,812,92,219,880,152,9,82,80,81,84,72,77,55,75,78,71,80,78,82,74,81,76,70,72,65,73,74,68,80,64,82,69,73,51,76,74,74,79
[1741791606.725087] [AOA] Measurement: 0,1741791606.680231,78:9a:18:7c:fa:69,2,1,2,2,128,389,279,34,70,22,962,868,592,418,916,300,874,354,897,539,183,484,1013,190,921,709,73,800,984,929,154,812,92,219,880,152,9,65,42023,0,17218,64,12898,16,302,56584,20495,39535,279,9,30727,6298,64124,105,71,61,67,70,63,72,59,76,61,67,43,69,68,65,75
[1741791606.803133] [AOA] Measurement: 0,1741791606.771449,78:9a:18:7c:fa:69,2,1,2,2,128,389,279,34,70,22,962,868,592,418,916,300,874,354,897,539,183,484,1013,190,921,709,73,800,984,929,154,812,92,219,880,152,9,65,42023,0,17218,64,12898,16,302,56584,20495,39535,279,9,30727,6298,64124,105,73,66,73,75,72,81,68,82,69,75,51,77,74,75,80
[1741791606.873224] [AOA] Measurement: 0,1741791606.841555,78:9a:18:7c:fa:69,2,1,2,2,128,389,279,34,70,22,962,868,592,418,916,300,874,354,897,539,183,484,1013,190,921,709,73,800,984,929,154,812,92,219,880,152,9,65,42023,0,17218,64,12898,16,302,56584,20495,39535,279,9,30727,6298,64124,105,71,61,67,70,63,72,59,76,61,67,43,69,68,65,75
[1741791606.948749] [AOA] Measurement: 0,1741791606.911433,78:9a:18:7c:fa:69,2,1,2,2,128,389,279,34,70,22,962,868,592,418,916,300,874,354,897,539,183,484,1013,190,921,709,73,800,984,929,154,812,92,219,880,152,9,65,42023,0,17218,64,12898,16,302,56584,20495,39535,279,9,30727,6298,64124,105,73,66,73,75,72,81,68,82,69,75,51,77,74,75,80
[1741791607.020881] [AOA] Measurement: 0,1741791606.990168,78:9a:18:7c:fa:69,2,1,2,2,128,389,279,34,70,22,962,868,592,418,916,300,874,354,897,539,183,484,1013,190,921,709,73,800,984,929,154,812,92,219,880,152,9,65,42023,0,17218,64,12898,16,302,56584,20495,39535,279,9,30727,6298,64124,105,71,61,67,70,63,72,59,76,61,67,43,69,68,65,75
[1741791607.093261] [AOA] Measurement: 0,1741791607.061503,78:9a:18:7c:fa:69,2,1,2,2,128,389,279,34,70,22,962,868,592,418,916,300,874,354,897,539,183,484,1013,190,921,709,73,800,984,929,154,812,92,219,880,152,9,65,42023,0,17218,64,12898,16,302,56584,20495,39535,279,9,30727,6298,64124,105,71,61,67,70,63,72,59,76,61,67,43,69,68,65,75
[1741791607.156411] [AOA] Measurement: 0,1741791607.130253,78:9a:18:7c:fa:69,2,1,2,2,128,389,279,34,70,22,962,868,592,418,916,300,874,354,897,539,183,484,1013,190,921,709,73,800,984,929,154,812,92,219,880,152,9,82,80,81,84,72,77,55,75,78,71,80,78,82,74,81,76,70,72,65,73,74,68,80,64,82,69,73,51,76,74,74,79
[1741791607.246916] [AOA] Measurement: 0,1741791607.201455,78:9a:18:7c:fa:69,2,1,2,2,128,389,279,34,70,22,962,868,592,418,916,300,874,354,897,539,183,484,1013,190,921,709,73,800,984,929,154,812,92,219,880,152,9,65,42023,0,17218,64,12898,16,302,56584,20495,39535,279,9,30727,6298,64124,105,71,61,67,70,63,72,59,76,61,67,43,69,68,65,75
[1741791607.320882] [AOA] Measurement: 0,1741791607.291609,78:9a:18:7c:fa:69,2,1,2,2,128,389,279,34,70,22,962,868,592,418,916,300,874,354,897,539,183,484,1013,190,921,709,73,800,984,929,154,812,92,219,880,152,9,82,80,81,84,72,77,55,75,78,71,80,78,82,74,81,76,70,72,65,73,74,68,80,64,82,69,73,51,76,74,74,79
[1741791607.402005] [AOA] Measurement: 0,1741791607.370364,78:9a:18:7c:fa:69,2,1,2,2,128,389,279,34,70,22,962,868,592,418,916,300,874,354,897,539,183,484,1013,190,921,709,73,800,984,929,154,812,92,219,880,152,9,65,42023,0,17218,64,12898,16,302,56584,20495,39535,279,9,30727,6298,64124,105,71,61,67,70,63,72,59,76,61,67,43,69,68,65,75
[1741791607.478263] [AOA] Measurement: 0,1741791607.450187,78:9a:18:7c:fa:69,2,1,2,2,128,389,279,34,70,22,962,868,592,418,916,300,874,354,897,539,183,484,1013,190,921,709,73,800,984,929,154,812,92,219,880,152,9,82,80,81,84,72,77,55,75,78,71,80,78,82,74,81,76,70,72,65,73,74,68,80,64,82,69,73,51,76,74,74,79
[1741791607.553248] [AOA] Measurement: 0,1741791607.521450,78:9a:18:7c:fa:69,2,1,2,2,128,389,279,34,70,22,962,868,592,418,916,300,874,354,897,539,183,484,1013,190,921,709,73,800,984,929,154,812,92,219,880,152,9,65,42023,0,17218,64,12898,16,302,56584,20495,39535,279,9,30727,6298,64124,105,71,61,67,70,63,72,59,76,61,67,43,69,68,65,75
[1741791607.630799] [AOA] Measurement: 0,1741791607.601535,78:9a:18:7c:fa:69,2,1,2,2,128,389,279,34,70,22,962,868,592,418,916,300,874,354,897,539,183,484,1013,190,921,709,73,800,984,929,154,812,92,219,880,152,9,82,80,81,84,72,77,55,75,78,71,80,78,82,74,81,76,70,72,65,73,74,68,80,64,82,69,73,51,76,74,74,79
[1741791607.700361] [AOA] Measurement: 0,1741791607.670188,78:9a:18:7c:fa:69,2,1,2,2,128,389,279,34,70,22,962,868,592,418,916,300,874,354,897,539,183,484,1013,190,921,709,73,800,984,929,154,812,92,219,880,152,9,65,42023,0,17218,64,12898,16,302,56584,20495,39535,279,9,30727,6298,64124,105,71,61,67,70,63,72,59,76,61,67,43,69,68,65,75
[1741791607.770732] [AOA] Measurement: 0,1741791607.741470,78:9a:18:7c:fa:69,2,1,2,2,128,389,279,34,70,22,962,868,592,418,916,300,874,354,897,539,183,484,1013,190,921,709,73,800,984,929,154,812,92,219,880,152,9,82,80,81,84,72,77,55,75,78,71,80,78,82,74,81,76,70,72,65,73,74,68,80,64,82,69,73,51,76,74,74,79
[1741791607.840851] [AOA] Measurement: 0,1741791607.811555,78:9a:18:7c:fa:69,2,1,2,2,128,389,279,34,70,22,962,868,592,418,916,300,874,354,897,539,183,484,1013,190,921,709,73,800,984,929,154,812,92,219,880,152,9,82,80,81,84,72,77,55,75,78,71,80,78,82,74,81,76,70,72,65,73,74,68,80,64,82,69,73,51,76,74,74,79
[1741791607.910626] [AOA] Measurement: 0,1741791607.880241,78:9a:18:7c:fa:69,2,1,2,2,128,389,279,34,70,22,962,868,592,418,916,300,874,354,897,539,183,484,1013,190,921,709,73,800,984,929,154,812,92,219,880,152,9,65,42023,0,17218,64,12898,16,302,56584,20495,39535,279,9,30727,6298,64124,105,71,61,67,70,63,72,59,76,61,67,43,69,68,65,75
[1741791607.980650] [AOA] Measurement: 0,1741791607.951475,78:9a:18:7c:fa:69,2,1,2,2,128,389,279,34,70,22,962,868,592,418,916,300,874,354,897,539,183,484,1013,190,921,709,73,800,984,929,154,812,92,219,880,152,9,82,80,81,84,72,77,55,75,78,71,80,78,82,74,81,76,70,72,65,73,74,68,80,64,82,69,73,51,76,74,74,79
[1741791608.050732] [AOA] Measurement: 0,1741791608.020232,78:9a:18:7c:fa:69,2,1,2,2,128,389,279,34,70,22,962,868,592,418,916,300,874,354,897,539,183,484,1013,190,921,709,73,800,984,929,154,812,92,219,880,152,9,65,42023,0,17218,64,12898,16,302,56584,20495,39535,279,9,30727,6298,64124,105,71,61,67,70,63,72,59,76,61,67,43,69,68,65,75
[1741791608.121070] [AOA] Measurement: 0,1741791608.091546,78:9a:18:7c:fa:69,2,1,2,2,128,389,279,34,70,22,962,868,592,418,916,300,874,354,897,539,183,484,1013,190,921,709,73,800,984,929,154,812,92,219,880,152,9,82,80,81,84,72,77,55,75,78,71,80,78,82,74,81,76,70,72,65,73,74,68,80,64,82,69,73,51,76,74,74,79
[1741791608.194864] [AOA] Measurement: 0,1741791608.165454,78:9a:18:7c:fa:69,2,1,2,2,128,389,279,34,70,22,962,868,592,418,916,300,874,354,897,539,183,484,1013,190,921,709,73,800,984,929,154,812,92,219,880,152,9,81,80,78,83,70,75,51,72,77,68,79,75,80,74,79,75,66,71,62,69,70,66,75,61,80,65,71,47,72,71,71,76
[1741791608.270831] [AOA] Measurement: 0,1741791608.241480,78:9a:18:7c:fa:69,2,1,2,2,128,389,279,34,70,22,962,868,592,418,916,300,874,354,897,539,183,484,1013,190,921,709,73,800,984,929,154,812,92,219,880,152,9,82,80,81,84,72,77,55,75,78,71,80,78,82,74,81,76,70,72,65,73,74,68,80,64,82,69,73,51,76,74,74,79
[1741791608.350620] [AOA] Measurement: 0,1741791608.321031,78:9a:18:7c:fa:69,2,1,2,2,128,389,279,34,70,22,962,868,592,418,916,300,874,354,897,539,183,484,1013,190,921,709,73,800,984,929,154,812,92,219,880,152,9,81,80,78,83,70,75,51,72,77,68,79,75,80,74,79,75,66,71,62,69,70,66,75,61,80,65,71,47,72,71,71,76
[1741791608.417939] [AOA] Measurement: 0,1741791608.390244,78:9a:18:7c:fa:69,2,1,2,2,128,389,279,34,70,22,962,868,592,418,916,300,874,354,897,539,183,484,1013,190,921,709,73,800,984,929,154,812,92,219,880,152,9,82,80,81,84,72,77,55,75,78,71,80,78,82,74,81,76,70,72,65,73,74,68,80,64,82,69,73,51,76,74,74,79
[1741791608.492217] [AOA] Measurement: 0,1741791608.460370,78:9a:18:7c:fa:69,2,1,2,2,128,389,279,34,70,22,962,868,592,418,916,300,874,354,897,539,183,484,1013,190,921,709,73,800,984,929,154,812,92,219,880,152,9,65,42023,0,17218,64,12898,16,302,56584,20495,39535,279,9,30727,6298,64124,105,71,61,67,70,63,72,59,76,61,67,43,69,68,65,75
[1741791608.573301] [AOA] Measurement: 0,1741791608.541582,78:9a:18:7c:fa:69,2,1,2,2,128,389,279,34,70,22,962,868,592,418,916,300,874,354,897,539,183,484,1013,190,921,709,73,800,984,929,154,812,92,219,880,152,9,65,42023,0,17218,64,12898,16,302,56584,20495,39535,279,9,30727,6298,64124,105,71,61,67,70,63,72,59,76,61,67,43,69,68,65,75
[1741791608.636163] [AOA] Measurement: 0,1741791608.610190,78:9a:18:7c:fa:69,2,1,2,2,128,389,279,34,70,22,962,868,592,418,916,300,874,354,897,539,183,484,1013,190,921,709,73,800,984,929,154,812,92,219,880,152,9,82,80,81,84,72,77,55,75,78,71,80,78,82,74,81,76,70,72,65,73,74,68,80,64,82,69,73,51,76,74,74,79
[1741791608.710540] [AOA] Measurement: 0,1741791608.680177,78:9a:18:7c:fa:69,2,1,2,2,128,389,279,34,70,22,962,868,592,418,916,300,874,354,897,539,183,484,1013,190,921,709,73,800,984,929,154,812,92,219,880,152,9,65,42023,0,17218,64,12898,16,302,56584,20495,39535,279,9,30727,6298,64124,105,71,61,67,70,63,72,59,76,61,67,43,69,68,65,75
[1741791608.780791] [AOA] Measurement: 0,1741791608.751530,78:9a:18:7c:fa:69,2,1,2,2,128,389,279,34,70,22,962,868,592,418,916,300,874,354,897,539,183,484,1013,190,921,709,73,800,984,929,154,812,92,219,880,152,9,82,80,81,84,72,77,55,75,78,71,80,78,82,74,81,76,70,72,65,73,74,68,80,64,82,69,73,51,76,74,74,79
[1741791608.850749] [AOA] Measurement: 0,1741791608.820242,78:9a:18:7c:fa:69,2,1,2,2,128,389,279,34,70,22,962,868,592,418,916,300,874,354,897,539,183,484,1013,190,921,709,73,800,984,929,154,812,92,219,880,152,9,65,42023,0,17218,64,12898,16,302,56584,20495,39535,279,9,30727,6298,64124,105,71,61,67,70,63,72,59,76,61,67,43,69,68,65,75
[1741791608.920932] [AOA] Measurement: 0,1741791608.891563,78:9a:18:7c:fa:69,2,1,2,2,128,389,279,34,70,22,962,868,592,418,916,300,874,354,897,539,183,484,1013,190,921,709,73,800,984,929,154,812,92,219,880,152,9,82,80,81,84,72,77,55,75,78,71,80,78,82,74,81,76,70,72,65,73,74,68,80,64,82,69,73,51,76,74,74,79
[1741791608.994464] [AOA] Measurement: 0,1741791608.961670,78:9a:18:7c:fa:69,2,1,2,2,128,389,279,34,70,22,962,868,592,418,916,300,874,354,897,539,183,484,1013,190,921,709,73,800,984,929,154,812,92,219,880,152,9,65,42023,0,17218,64,12898,16,302,56584,20495,39535,279,9,30727,6298,64124,105,71,61,67,70,63,72,59,76,61,67,43,69,68,65,75
[1741791609.070974] [AOA] Measurement: 0,1741791609.041508,78:9a:18:7c:fa:69,2,1,2,2,128,389,279,34,70,22,962,868,592,418,916,300,874,354,897,539,183,484,1013,190,921,709,73,800,984,929,154,812,92,219,880,152,9,82,80,81,84,72,77,55,75,78,71,80,78,82,74,81,76,70,72,65,73,74,68,80,64,82,69,73,51,76,74,74,79
[1741791609.152341] [AOA] Measurement: 0,1741791609.120271,78:9a:18:7c:fa:69,2,1,2,2,128,389,279,34,70,22,962,868,592,418,916,300,874,354,897,539,183,484,1013,190,921,709,73,800,984,929,154,812,92,219,880,152,9,65,42023,0,17218,64,12898,16,302,56584,20495,39535,279,9,30727,6298,64124,105,71,61,67,70,63,72,59,76,61,67,43,69,68,65,75
[1741791609.233351] [AOA] Measurement: 0,1741791609.201616,78:9a:18:7c:fa:69,2,1,2,2,128,389,279,34,70,22,962,868,592,418,916,300,874,354,897,539,183,484,1013,190,921,709,73,800,984,929,154,812,92,219,880,152,9,65,42023,0,17218,64,12898,16,302,56584,20495,39535,279,9,30727,6298,64124,105,71,61,67,70,63,72,59,76,61,67,43,69,68,65,75
[1741791609.310666] [AOA] Measurement: 0,1741791609.281467,78:9a:18:7c:fa:69,2,1,2,2,128,389,279,34,70,22,962,868,592,418,916,300,874,354,897,539,183,484,1013,190,921,709,73,800,984,929,154,812,92,219,880,152,9,82,80,81,84,72,77,55,75,78,71,80,78,82,74,81,76,70,72,65,73,74,68,80,64,82,69,73,51,76,74,74,79
[1741791609.405638] [AOA] Measurement: 0,1741791609.360187,78:9a:18:7c:fa:69,2,1,2,2,128,389,279,34,70,22,962,868,592,418,916,300,874,354,897,539,183,484,1013,190,921,709,73,800,984,929,154,812,92,219,880,152,9,65,42023,0,17218,64,12898,16,302,56584,20495,39535,279,9,30727,6298,64124,105,71,61,67,70,63,72,59,76,61,67,43,69,68,65,75
[1741791609.480829] [AOA] Measurement: 0,1741791609.451504,78:9a:18:7c:fa:69,2,1,2,2,128,389,279,34,70,22,962,868,592,418,916,300,874,354,897,539,183,484,1013,190,921,709,73,800,984,929,154,812,92,219,880,152,9,82,80,81,84,72,77,55,75,78,71,80,78,82,74,81,76,70,72,65,73,74,68,80,64,82,69,73,51,76,74,74,79
[1741791609.550227] [AOA] Measurement: 0,1741791609.520223,78:9a:18:7c:fa:69,2,1,2,2,128,389,279,34,70,22,962,868,592,418,916,300,874,354,897,539,183,484,1013,190,921,709,73,800,984,929,154,812,92,219,880,152,9,65,42023,0,17218,64,12898,16,302,56584,20495,39535,279,9,30727,6298,64124,105,71,61,67,70,63,72,59,76,61,67,43,69,68,65,75
[1741791609.623319] [AOA] Measurement: 0,1741791609.591585,78:9a:18:7c:fa:69,2,1,2,2,128,389,279,34,70,22,962,868,592,418,916,300,874,354,897,539,183,484,1013,190,921,709,73,800,984,929,154,812,92,219,880,152,9,65,42023,0,17218,64,12898,16,302,56584,20495,39535,279,9,30727,6298,64124,105,73,66,73,75,72,81,68,82,69,75,51,77,74,75,80
[1741791609.693151] [AOA] Measurement: 0,1741791609.661487,78:9a:18:7c:fa:69,2,1,2,2,128,389,279,34,70,22,962,868,592,418,916,300,874,354,897,539,183,484,1013,190,921,709,73,800,984,929,154,812,92,219,880,152,9,65,42023,0,17218,64,12898,16,302,56584,20495,39535,279,9,30727,6298,64124,105,71,61,67,70,63,72,59,76,61,67,43,69,68,65,75
[1741791609.763127] [AOA] Measurement: 0,1741791609.731553,78:9a:18:7c:fa:69,2,1,2,2,128,389,279,34,70,22,962,868,592,418,916,300,874,354,897,539,183,484,1013,190,921,709,73,800,984,929,154,812,92,219,880,152,9,65,42023,0,17218,64,12898,16,302,56584,20495,39535,279,9,30727,6298,64124,105,73,66,73,75,72,81,68,82,69,75,51,77,74,75,80
[1741791609.835684] [AOA] Measurement: 0,1741791609.803901,78:9a:18:7c:fa:69,2,1,2,2,128,389,279,34,70,22,962,868,592,418,916,300,874,354,897,539,183,484,1013,190,921,709,73,800,984,929,154,812,92,219,880,152,9,65,42023,0,17218,64,12898,16,302,56584,20495,39535,279,9,30727,6298,64124,105,71,61,67,70,63,72,59,76,61,67,43,69,68,65,75
[1741791609.907340] [AOA] Measurement: 0,1741791609.880307,78:9a:18:7c:fa:69,2,1,2,2,128,389,279,34,70,22,962,868,592,418,916,300,874,354,897,539,183,484,1013,190,921,709,73,800,984,929,154,812,92,219,880,152,9,82,80,81,84,72,77,55,75,78,71,80,78,82,74,81,76,70,72,65,73,74,68,80,64,82,69,73,51,76,74,74,79
[1741791609.976524] [AOA] Measurement: 0,1741791609.950267,78:9a:18:7c:fa:69,2,1,2,2,128,389,279,34,70,22,962,868,592,418,916,300,874,354,897,539,183,484,1013,190,921,709,73,800,984,929,154,812,92,219,880,152,9,82,80,81,84,72,77,55,75,78,71,80,78,82,74,81,76,70,72,65,73,74,68,80,64,82,69,73,51,76,74,74,79
[1741791610.051743] [AOA] Measurement: 0,1741791610.020257,78:9a:18:7c:fa:69,2,1,2,2,128,389,279,34,70,22,962,868,592,418,916,300,874,354,897,539,183,484,1013,190,921,709,73,800,984,929,154,812,92,219,880,152,9,65,42023,0,17218,64,12898,16,302,56584,20495,39535,279,9,30727,6298,64124,105,71,61,67,70,63,72,59,76,61,67,43,69,68,65,75
[1741791610.126590] [AOA] Measurement: 0,1741791610.100354,78:9a:18:7c:fa:69,2,1,2,2,128,389,279,34,70,22,962,868,592,418,916,300,874,354,897,539,183,484,1013,190,921,709,73,800,984,929,154,812,92,219,880,152,9,82,80,81,84,72,77,55,75,78,71,80,78,82,74,81,76,70,72,65,73,74,68,80,64,82,69,73,51,76,74,74,79
[1741791610.200888] [AOA] Measurement: 0,1741791610.170178,78:9a:18:7c:fa:69,2,1,2,2,128,389,279,34,70,22,962,868,592,418,916,300,874,354,897,539,183,484,1013,190,921,709,73,800,984,929,154,812,92,219,880,152,9,65,42023,0,17218,64,12898,16,302,56584,20495,39535,279,9,30727,6298,64124,105,71,61,67,70,63,72,59,76,61,67,43,69,68,65,75
[1741791610.271091] [AOA] Measurement: 0,1741791610.241502,78:9a:18:7c:fa:69,2,1,2,2,128,389,279,34,70,22,962,868,592,418,916,300,874,354,897,539,183,484,1013,190,921,709,73,800,984,929,154,812,92,219,880,152,9,82,80,81,84,72,77,55,75,78,71,80,78,82,74,81,76,70,72,65,73,74,68,80,64,82,69,73,51,76,74,74,79
[1741791610.352481] [AOA] Measurement: 0,1741791610.320307,78:9a:18:7c:fa:69,2,1,2,2,128,389,279,34,70,22,962,868,592,418,916,300,874,354,897,539,183,484,1013,190,921,709,73,800,984,929,154,812,92,219,880,152,9,65,42023,0,17218,64,12898,16,302,56584,20495,39535,279,9,30727,6298,64124,105,71,61,67,70,63,72,59,76,61,67,43,69,68,65,75
[1741791610.431122] [AOA] Measurement: 0,1741791610.401585,78:9a:18:7c:fa:69,2,1,2,2,128,389,279,34,70,22,962,868,592,418,916,300,874,354,897,539,183,484,1013,190,921,709,73,800,984,929,154,812,92,219,880,152,9,82,80,81,84,72,77,55,75,78,71,80,78,82,74,81,76,70,72,65,73,74,68,80,64,82,69,73,51,76,74,74,79
[1741791610.511825] [AOA] Measurement: 0,1741791610.480218,78:9a:18:7c:fa:69,2,1,2,2,128,389,279,34,70,22,962,868,592,418,916,300,874,354,897,539,183,484,1013,190,921,709,73,800,984,929,154,812,92,219,880,152,9,65,42023,0,17218,64,12898,16,302,56584,20495,39535,279,9,30727,6298,64124,105,71,61,67,70,63,72,59,76,61,67,43,69,68,65,75
[1741791610.580940] [AOA] Measurement: 0,1741791610.551509,78:9a:18:7c:fa:69,2,1,2,2,128,389,279,34,70,22,962,868,592,418,916,300,874,354,897,539,183,484,1013,190,921,709,73,800,984,929,154,812,92,219,880,152,9,82,80,81,84,72,77,55,75,78,71,80,78,82,74,81,76,70,72,65,73,74,68,80,64,82,69,73,51,76,74,74,79
[1741791610.653610] [AOA] Measurement: 0,1741791610.623086,78:9a:18:7c:fa:69,2,1,2,2,128,389,279,34,70,22,962,868,592,418,916,300,874,354,897,539,183,484,1013,190,921,709,73,800,984,929,154,812,92,219,880,152,9,65,42023,0,17218,64,12898,16,302,56584,20495,39535,279,9,30727,6298,64124,105,71,61,67,70,63,72,59,76,61,67,43,69,68,65,75
[1741791610.733751] [AOA] Measurement: 0,1741791610.701613,78:9a:18:7c:fa:69,2,1,2,2,128,389,279,34,70,22,962,868,592,418,916,300,874,354,897,539,183,484,1013,190,921,709,73,800,984,929,154,812,92,219,880,152,9,65,42023,0,17218,64,12898,16,302,56584,20495,39535,279,9,30727,6298,64124,105,71,61,67,70,63,72,59,76,61,67,43,69,68,65,75
[1741791610.810692] [AOA] Measurement: 0,1741791610.781515,78:9a:18:7c:fa:69,2,1,2,2,128,389,279,34,70,22,962,868,592,418,916,300,874,354,897,539,183,484,1013,190,921,709,73,800,984,929,154,812,92,219,880,152,9,82,80,81,84,72,77,55,75,78,71,80,78,82,74,81,76,70,72,65,73,74,68,80,64,82,69,73,51,76,74,74,79
[1741791610.894740] [AOA] Measurement: 0,1741791610.861565,78:9a:18:7c:fa:69,2,1,2,2,128,389,279,34,70,22,962,868,592,418,916,300,874,354,897,539,183,484,1013,190,921,709,73,800,984,929,154,812,92,219,880,152,9,65,42023,0,17218,64,12898,16,302,56584,20495,39535,279,9,30727,6298,64124,105,71,61,67,70,63,72,59,76,61,67,43,69,68,65,75
[1741791610.968353] [AOA] Measurement: 0,1741791610.940237,78:9a:18:7c:fa:69,2,1,2,2,128,389,279,34,70,22,962,868,592,418,916,300,874,354,897,539,183,484,1013,190,921,709,73,800,984,929,154,812,92,219,880,152,9,82,80,81,84,72,77,55,75,78,71,80,78,82,74,81,76,70,72,65,73,74,68,80,64,82,69,73,51,76,74,74,79
[1741791611.040761] [AOA] Measurement: 0,1741791611.011537,78:9a:18:7c:fa:69,2,1,2,2,128,389,279,34,70,22,962,868,592,418,916,300,874,354,897,539,183,484,1013,190,921,709,73,800,984,929,154,812,92,219,880,152,9,81,80,78,83,70,75,51,72,77,68,79,75,80,74,79,75,66,71,62,69,70,66,75,61,80,65,71,47,72,71,71,76
[1741791611.117486] [AOA] Measurement: 0,1741791611.090246,78:9a:18:7c:fa:69,2,1,2,2,128,389,279,34,70,22,962,868,592,418,916,300,874,354,897,539,183,484,1013,190,921,709,73,800,984,929,154,812,92,219,880,152,9,82,80,81,84,72,77,55,75,78,71,80,78,82,74,81,76,70,72,65,73,74,68,80,64,82,69,73,51,76,74,74,79
[1741791611.190755] [AOA] Measurement: 0,1741791611.161503,78:9a:18:7c:fa:69,2,1,2,2,128,389,279,34,70,22,962,868,592,418,916,300,874,354,897,539,183,484,1013,190,921,709,73,800,984,929,154,812,92,219,880,152,9,81,80,78,83,70,75,51,72,77,68,79,75,80,74,79,75,66,71,62,69,70,66,75,61,80,65,71,47,72,71,71,76
[1741791611.257888] [AOA] Measurement: 0,1741791611.230239,78:9a:18:7c:fa:69,2,1,2,2,128,389,279,34,70,22,962,868,592,418,916,300,874,354,897,539,183,484,1013,190,921,709,73,800,984,929,154,812,92,219,880,152,9,82,80,81,84,72,77,55,75,78,71,80,78,82,74,81,76,70,72,65,73,74,68,80,64,82,69,73,51,76,74,74,79
[1741791611.332140] [AOA] Measurement: 0,1741791611.300352,78:9a:18:7c:fa:69,2,1,2,2,128,389,279,34,70,22,962,868,592,418,916,300,874,354,897,539,183,484,1013,190,921,709,73,800,984,929,154,812,92,219,880,152,9,65,42023,0,17218,64,12898,16,302,56584,20495,39535,279,9,30727,6298,64124,105,71,61,67,70,63,72,59,76,61,67,43,69,68,65,75
[1741791611.413305] [AOA] Measurement: 0,1741791611.381573,78:9a:18:7c:fa:69,2,1,2,2,128,389,279,34,70,22,962,868,592,418,916,300,874,354,897,539,183,484,1013,190,921,709,73,800,984,929,154,812,92,219,880,152,9,65,42023,0,17218,64,12898,16,302,56584,20495,39535,279,9,30727,6298,64124,105,71,61,67,70,63,72,59,76,61,67,43,69,68,65,75
[1741791611.487991] [AOA] Measurement: 0,1741791611.460201,78:9a:18:7c:fa:69,2,1,2,2,128,389,279,34,70,22,962,868,592,418,916,300,874,354,897,539,183,484,1013,190,921,709,73,800,984,929,154,812,92,219,880,152,9,82,80,81,84,72,77,55,75,78,71,80,78,82,74,81,76,70,72,65,73,74,68,80,64,82,69,73,51,76,74,74,79
[1741791611.563355] [AOA] Measurement: 0,1741791611.531597,78:9a:18:7c:fa:69,2,1,2,2,128,389,279,34,70,22,962,868,592,418,916,300,874,354,897,539,183,484,1013,190,921,709,73,800,984,929,154,812,92,219,880,152,9,65,42023,0,17218,64,12898,16,302,56584,20495,39535,279,9,30727,6298,64124,105,71,61,67,70,63,72,59,76,61,67,43,69,68,65,75
[1741791611.628909] [AOA] Measurement: 0,1741791611.600178,78:9a:18:7c:fa:69,2,1,2,2,128,389,279,34,70,22,962,868,592,418,916,300,874,354,897,539,183,484,1013,190,921,709,73,800,984,929,154,812,92,219,880,152,9,82,80,81,84,72,77,55,75,78,71,80,78,82,74,81,76,70,72,65,73,74,68,80,64,82,69,73,51,76,74,74,79
[1741791611.699487] [AOA] Measurement: 0,1741791611.671339,78:9a:18:7c:fa:69,2,1,2,2,128,389,279,34,70,22,962,868,592,418,916,300,874,354,897,539,183,484,1013,190,921,709,73,800,984,929,154,812,92,219,880,152,9,65,42023,0,17218,64,12898,16,302,56584,20495,39535,279,9,30727,6298,64124,105,71,61,67,70,63,72,59,76,61,67,43,69,68,65,75
[1741791611.766150] [AOA] Measurement: 0,1741791611.740237,78:9a:18:7c:fa:69,2,1,2,2,128,389,279,34,70,22,962,868,592,418,916,300,874,354,897,539,183,484,1013,190,921,709,73,800,984,929,154,812,92,219,880,152,9,82,80,81,84,72,77,55,75,78,71,80,78,82,74,81,76,70,72,65,73,74,68,80,64,82,69,73,51,76,74,74,79
[1741791611.855175] [AOA] Measurement: 0,1741791611.810254,78:9a:18:7c:fa:69,2,1,2,2,128,389,279,34,70,22,962,868,592,418,916,300,874,354,897,539,183,484,1013,190,921,709,73,800,984,929,154,812,92,219,880,152,9,65,42023,0,17218,64,12898,16,302,56584,20495,39535,279,9,30727,6298,64124,105,71,61,67,70,63,72,59,76,61,67,43,69,68,65,75
[1741791611.930814] [AOA] Measurement: 0,1741791611.901454,78:9a:18:7c:fa:69,2,1,2,2,128,389,279,34,70,22,962,868,592,418,916,300,874,354,897,539,183,484,1013,190,921,709,73,800,984,929,154,812,92,219,880,152,9,82,80,81,84,72,77,55,75,78,71,80,78,82,74,81,76,70,72,65,73,74,68,80,64,82,69,73,51,76,74,74,79
[1741791612.000229] [AOA] Measurement: 0,1741791611.970139,78:9a:18:7c:fa:69,2,1,2,2,128,389,279,34,70,22,962,868,592,418,916,300,874,354,897,539,183,484,1013,190,921,709,73,800,984,929,154,812,92,219,880,152,9,65,42023,0,17218,64,12898,16,302,56584,20495,39535,279,9,30727,6298,64124,105,71,61,67,70,63,72,59,76,61,67,43,69,68,65,75
[1741791612.070619] [AOA] Measurement: 0,1741791612.041508,78:9a:18:7c:fa:69,2,1,2,2,128,389,279,34,70,22,962,868,592,418,916,300,874,354,897,539,183,484,1013,190,921,709,73,800,984,929,154,812,92,219,880,152,9,82,80,81,84,72,77,55,75,78,71,80,78,82,74,81,76,70,72,65,73,74,68,80,64,82,69,73,51,76,74,74,79
[1741791612.148191] [AOA] Measurement: 0,1741791612.120173,78:9a:18:7c:fa:69,2,1,2,2,128,389,279,34,70,22,962,868,592,418,916,300,874,354,897,539,183,484,1013,190,921,709,73,800,984,929,154,812,92,219,880,152,9,82,80,81,84,72,77,55,75,78,71,80,78,82,74,81,76,70,72,65,73,74,68,80,64,82,69,73,51,76,74,74,79
[1741791612.223266] [AOA] Measurement: 0,1741791612.191537,78:9a:18:7c:fa:69,2,1,2,2,128,389,279,34,70,22,962,868,592,418,916,300,874,354,897,539,183,484,1013,190,921,709,73,800,984,929,154,812,92,219,880,152,9,65,42023,0,17218,64,12898,16,302,56584,20495,39535,279,9,30727,6298,64124,105,71,61,67,70,63,72,59,76,61,67,43,69,68,65,75
[1741791612.289497] [AOA] Measurement: 0,1741791612.261441,78:9a:18:7c:fa:69,2,1,2,2,128,389,279,34,70,22,962,868,592,418,916,300,874,354,897,539,183,484,1013,190,921,709,73,800,984,929,154,812,92,219,880,152,9,82,80,81,84,72,77,55,75,78,71,80,78,82,74,81,76,70,72,65,73,74,68,80,64,82,69,73,51,76,74,74,79
[1741791612.363111] [AOA] Measurement: 0,1741791612.331488,78:9a:18:7c:fa:69,2,1,2,2,128,389,279,34,70,22,962,868,592,418,916,300,874,354,897,539,183,484,1013,190,921,709,73,800,984,929,154,812,92,219,880,152,9,65,42023,0,17218,64,12898,16,302,56584,20495,39535,279,9,30727,6298,64124,105,71,61,67,70,63,72,59,76,61,67,43,69,68,65,75
[1741791612.440473] [AOA] Measurement: 0,1741791612.410191,78:9a:18:7c:fa:69,2,1,2,2,128,389,279,34,70,22,962,868,592,418,916,300,874,354,897,539,183,484,1013,190,921,709,73,800,984,929,154,812,92,219,880,152,9,65,42023,0,17218,64,12898,16,302,56584,20495,39535,279,9,30727,6298,64124,105,73,66,73,75,72,81,68,82,69,75,51,77,74,75,80
[1741791612.513216] [AOA] Measurement: 0,1741791612.481554,78:9a:18:7c:fa:69,2,1,2,2,128,389,279,34,70,22,962,868,592,418,916,300,874,354,897,539,183,484,1013,190,921,709,73,800,984,929,154,812,92,219,880,152,9,65,42023,0,17218,64,12898,16,302,56584,20495,39535,279,9,30727,6298,64124,105,71,61,67,70,63,72,59,76,61,67,43,69,68,65,75
[1741791612.598426] [AOA] Measurement: 0,1741791612.560204,78:9a:18:7c:fa:69,2,1,2,2,128,389,279,34,70,22,962,868,592,418,916,300,874,354,897,539,183,484,1013,190,921,709,73,800,984,929,154,812,92,219,880,152,9,65,42023,0,17218,64,12898,16,302,56584,20495,39535,279,9,30727,6298,64124,105,73,66,73,75,72,81,68,82,69,75,51,77,74,75,80
[1741791612.671162] [AOA] Measurement: 0,1741791612.640306,78:9a:18:7c:fa:69,2,1,2,2,128,389,279,34,70,22,962,868,592,418,916,300,874,354,897,539,183,484,1013,190,921,709,73,800,984,929,154,812,92,219,880,152,9,65,42023,0,17218,64,12898,16,302,56584,20495,39535,279,9,30727,6298,64124,105,71,61,67,70,63,72,59,76,61,67,43,69,68,65,75
[1741791612.737548] [AOA] Measurement: 0,1741791612.710354,78:9a:18:7c:fa:69,2,1,2,2,128,389,279,34,70,22,962,868,592,418,916,300,874,354,897,539,183,484,1013,190,921,709,73,800,984,929,154,812,92,219,880,152,9,82,80,81,84,72,77,55,75,78,71,80,78,82,74,81,76,70,72,65,73,74,68,80,64,82,69,73,51,76,74,74,79
[1741791612.808768] [AOA] Measurement: 0,1741791612.780276,78:9a:18:7c:fa:69,2,1,2,2,128,389,279,34,70,22,962,868,592,418,916,300,874,354,897,539,183,484,1013,190,921,709,73,800,984,929,154,812,92,219,880,152,9,65,42023,0,17218,64,12898,16,302,56584,20495,39535,279,9,30727,6298,64124,105,71,61,67,70,63,72,59,76,61,67,43,69,68,65,75
[1741791612.880583] [AOA] Measurement: 0,1741791612.850201,78:9a:18:7c:fa:69,2,1,2,2,128,389,279,34,70,22,962,868,592,418,916,300,874,354,897,539,183,484,1013,190,921,709,73,800,984,929,154,812,92,219,880,152,9,65,42023,0,17218,64,12898,16,302,56584,20495,39535,279,9,30727,6298,64124,105,71,61,67,70,63,72,59,76,61,67,43,69,68,65,75
[1741791612.950776] [AOA] Measurement: 0,1741791612.921451,78:9a:18:7c:fa:69,2,1,2,2,128,389,279,34,70,22,962,868,592,418,916,300,874,354,897,539,183,484,1013,190,921,709,73,800,984,929,154,812,92,219,880,152,9,82,80,81,84,72,77,55,75,78,71,80,78,82,74,81,76,70,72,65,73,74,68,80,64,82,69,73,51,76,74,74,79
[1741791613.020597] [AOA] Measurement: 0,1741791612.990144,78:9a:18:7c:fa:69,2,1,2,2,128,389,279,34,70,22,962,868,592,418,916,300,874,354,897,539,183,484,1013,190,921,709,73,800,984,929,154,812,92,219,880,152,9,65,42023,0,17218,64,12898,16,302,56584,20495,39535,279,9,30727,6298,64124,105,71,61,67,70,63,72,59,76,61,67,43,69,68,65,75
[1741791613.090604] [AOA] Measurement: 0,1741791613.061507,78:9a:18:7c:fa:69,2,1,2,2,128,389,279,34,70,22,962,868,592,418,916,300,874,354,897,539,183,484,1013,190,921,709,73,800,984,929,154,812,92,219,880,152,9,82,80,81,84,72,77,55,75,78,71,80,78,82,74,81,76,70,72,65,73,74,68,80,64,82,69,73,51,76,74,74,79
[1741791613.163271] [AOA] Measurement: 0,1741791613.131623,78:9a:18:7c:fa:69,2,1,2,2,128,389,279,34,70,22,962,868,592,418,916,300,874,354,897,539,183,484,1013,190,921,709,73,800,984,929,154,812,92,219,880,152,9,65,42023,0,17218,64,12898,16,302,56584,20495,39535,279,9,30727,6298,64124,105,71,61,67,70,63,72,59,76,61,67,43,69,68,65,75
[1741791613.228790] [AOA] Measurement: 0,1741791613.200210,78:9a:18:7c:fa:69,2,1,2,2,128,389,279,34,70,22,962,868,592,418,916,300,874,354,897,539,183,484,1013,190,921,709,73,800,984,929,154,812,92,219,880,152,9,82,80,81,84,72,77,55,75,78,71,80,78,82,74,81,76,70,72,65,73,74,68,80,64,82,69,73,51,76,74,74,79
[1741791613.302054] [AOA] Measurement: 0,1741791613.270371,78:9a:18:7c:fa:69,2,1,2,2,128,389,279,34,70,22,962,868,592,418,916,300,874,354,897,539,183,484,1013,190,921,709,73,800,984,929,154,812,92,219,880,152,9,65,42023,0,17218,64,12898,16,302,56584,20495,39535,279,9,30727,6298,64124,105,71,61,67,70,63,72,59,76,61,67,43,69,68,65,75
[1741791613.380388] [AOA] Measurement: 0,1741791613.341469,78:9a:18:7c:fa:69,2,1,2,2,128,389,279,34,70,22,962,868,592,418,916,300,874,354,897,539,183,484,1013,190,921,709,73,800,984,929,154,812,92,219,880,152,9,82,80,81,84,72,77,55,75,78,71,80,78,82,74,81,76,70,72,65,73,74,68,80,64,82,69,73,51,76,74,74,79
[1741791613.453070] [AOA] Measurement: 0,1741791613.421451,78:9a:18:7c:fa:69,2,1,2,2,128,389,279,34,70,22,962,868,592,418,916,300,874,354,897,539,183,484,1013,190,921,709,73,800,984,929,154,812,92,219,880,152,9,65,42023,0,17218,64,12898,16,302,56584,20495,39535,279,9,30727,6298,64124,105,71,61,67,70,63,72,59,76,61,67,43,69,68,65,75
[1741791613.530992] [AOA] Measurement: 0,1741791613.501511,78:9a:18:7c:fa:69,2,1,2,2,128,389,279,34,70,22,962,868,592,418,916,300,874,354,897,539,183,484,1013,190,921,709,73,800,984,929,154,812,92,219,880,152,9,82,80,81,84,72,77,55,75,78,71,80,78,82,74,81,76,70,72,65,73,74,68,80,64,82,69,73,51,76,74,74,79
[1741791613.608008] [AOA] Measurement: 0,1741791613.580189,78:9a:18:7c:fa:69,2,1,2,2,128,389,279,34,70,22,962,868,592,418,916,300,874,354,897,539,183,484,1013,190,921,709,73,800,984,929,154,812,92,219,880,152,9,82,80,81,84,72,77,55,75,78,71,80,78,82,74,81,76,70,72,65,73,74,68,80,64,82,69,73,51,76,74,74,79
[1741791613.690083] [AOA] Measurement: 0,1741791613.658188,78:9a:18:7c:fa:69,2,1,2,2,128,389,279,34,70,22,962,868,592,418,916,300,874,354,897,539,183,484,1013,190,921,709,73,800,984,929,154,812,92,219,880,152,9,65,42023,0,17218,64,12898,16,302,56584,20495,39535,279,9,30727,6298,64124,105,71,61,67,70,63,72,59,76,61,67,43,69,68,65,75
[1741791613.760838] [AOA] Measurement: 0,1741791613.731540,78:9a:18:7c:fa:69,2,1,2,2,128,389,279,34,70,22,962,868,592,418,916,300,874,354,897,539,183,484,1013,190,921,709,73,800,984,929,154,812,92,219,880,152,9,82,80,81,84,72,77,55,75,78,71,80,78,82,74,81,76,70,72,65,73,74,68,80,64,82,69,73,51,76,74,74,79
[1741791613.826171] [AOA] Measurement: 0,1741791613.800211,78:9a:18:7c:fa:69,2,1,2,2,128,389,279,34,70,22,962,868,592,418,916,300,874,354,897,539,183,484,1013,190,921,709,73,800,984,929,154,812,92,219,880,152,9,81,80,78,83,70,75,51,72,77,68,79,75,80,74,79,75,66,71,62,69,70,66,75,61,80,65,71,47,72,71,71,76
[1741791613.898274] [AOA] Measurement: 0,1741791613.870254,78:9a:18:7c:fa:69,2,1,2,2,128,389,279,34,70,22,962,868,592,418,916,300,874,354,897,539,183,484,1013,190,921,709,73,800,984,929,154,812,92,219,880,152,9,82,80,81,84,72,77,55,75,78,71,80,78,82,74,81,76,70,72,65,73,74,68,80,64,82,69,73,51,76,74,74,79
[1741791613.971002] [AOA] Measurement: 0,1741791613.941504,78:9a:18:7c:fa:69,2,1,2,2,128,389,279,34,70,22,962,868,592,418,916,300,874,354,897,539,183,484,1013,190,921,709,73,800,984,929,154,812,92,219,880,152,9,81,80,78,83,70,75,51,72,77,68,79,75,80,74,79,75,66,71,62,69,70,66,75,61,80,65,71,47,72,71,71,76
[1741791614.050454] [AOA] Measurement: 0,1741791614.021020,78:9a:18:7c:fa:69,2,1,2,2,128,389,279,34,70,22,962,868,592,418,916,300,874,354,897,539,183,484,1013,190,921,709,73,800,984,929,154,812,92,219,880,152,9,82,80,81,84,72,77,55,75,78,71,80,78,82,74,81,76,70,72,65,73,74,68,80,64,82,69,73,51,76,74,74,79
[1741791614.120195] [AOA] Measurement: 0,1741791614.090173,78:9a:18:7c:fa:69,2,1,2,2,128,389,279,34,70,22,962,868,592,418,916,300,874,354,897,539,183,484,1013,190,921,709,73,800,984,929,154,812,92,219,880,152,9,65,42023,0,17218,64,12898,16,302,56584,20495,39535,279,9,30727,6298,64124,105,71,61,67,70,63,72,59,76,61,67,43,69,68,65,75
[1741791614.190726] [AOA] Measurement: 0,1741791614.161541,78:9a:18:7c:fa:69,2,1,2,2,128,389,279,34,70,22,962,868,592,418,916,300,874,354,897,539,183,484,1013,190,921,709,73,800,984,929,154,812,92,219,880,152,9,82,80,81,84,72,77,55,75,78,71,80,78,82,74,81,76,70,72,65,73,74,68,80,64,82,69,73,51,76,74,74,79
[1741791614.268399] [AOA] Measurement: 0,1741791614.240405,78:9a:18:7c:fa:69,2,1,2,2,128,389,279,34,70,22,962,868,592,418,916,300,874,354,897,539,183,484,1013,190,921,709,73,800,984,929,154,812,92,219,880,152,9,82,80,81,84,72,77,55,75,78,71,80,78,82,74,81,76,70,72,65,73,74,68,80,64,82,69,73,51,76,74,74,79
[1741791614.343262] [AOA] Measurement: 0,1741791614.311563,78:9a:18:7c:fa:69,2,1,2,2,128,389,279,34,70,22,962,868,592,418,916,300,874,354,897,539,183,484,1013,190,921,709,73,800,984,929,154,812,92,219,880,152,9,65,42023,0,17218,64,12898,16,302,56584,20495,39535,279,9,30727,6298,64124,105,71,61,67,70,63,72,59,76,61,67,43,69,68,65,75
[1741791614.408537] [AOA] Measurement: 0,1741791614.380234,78:9a:18:7c:fa:69,2,1,2,2,128,389,279,34,70,22,962,868,592,418,916,300,874,354,897,539,183,484,1013,190,921,709,73,800,984,929,154,812,92,219,880,152,9,82,80,81,84,72,77,55,75,78,71,80,78,82,74,81,76,70,72,65,73,74,68,80,64,82,69,73,51,76,74,74,79
[1741791614.481932] [AOA] Measurement: 0,1741791614.450277,78:9a:18:7c:fa:69,2,1,2,2,128,389,279,34,70,22,962,868,592,418,916,300,874,354,897,539,183,484,1013,190,921,709,73,800,984,929,154,812,92,219,880,152,9,65,42023,0,17218,64,12898,16,302,56584,20495,39535,279,9,30727,6298,64124,105,71,61,67,70,63,72,59,76,61,67,43,69,68,65,75
[1741791614.550719] [AOA] Measurement: 0,1741791614.521545,78:9a:18:7c:fa:69,2,1,2,2,128,389,279,34,70,22,962,868,592,418,916,300,874,354,897,539,183,484,1013,190,921,709,73,800,984,929,154,812,92,219,880,152,9,82,80,81,84,72,77,55,75,78,71,80,78,82,74,81,76,70,72,65,73,74,68,80,64,82,69,73,51,76,74,74,79
[1741791614.623004] [AOA] Measurement: 0,1741791614.591448,78:9a:18:7c:fa:69,2,1,2,2,128,389,279,34,70,22,962,868,592,418,916,300,874,354,897,539,183,484,1013,190,921,709,73,800,984,929,154,812,92,219,880,152,9,65,42023,0,17218,64,12898,16,302,56584,20495,39535,279,9,30727,6298,64124,105,71,61,67,70,63,72,59,76,61,67,43,69,68,65,75
[1741791614.700385] [AOA] Measurement: 0,1741791614.661531,78:9a:18:7c:fa:69,2,1,2,2,128,389,279,34,70,22,962,868,592,418,916,300,874,354,897,539,183,484,1013,190,921,709,73,800,984,929,154,812,92,219,880,152,9,82,80,81,84,72,77,55,75,78,71,80,78,82,74,81,76,70,72,65,73,74,68,80,64,82,69,73,51,76,74,74,79
[1741791614.773177] [AOA] Measurement: 0,1741791614.741461,78:9a:18:7c:fa:69,2,1,2,2,128,389,279,34,70,22,962,868,592,418,916,300,874,354,897,539,183,484,1013,190,921,709,73,800,984,929,154,812,92,219,880,152,9,65,42023,0,17218,64,12898,16,302,56584,20495,39535,279,9,30727,6298,64124,105,71,61,67,70,63,72,59,76,61,67,43,69,68,65,75
[1741791614.837763] [AOA] Measurement: 0,1741791614.810224,78:9a:18:7c:fa:69,2,1,2,2,128,389,279,34,70,22,962,868,592,418,916,300,874,354,897,539,183,484,1013,190,921,709,73,800,984,929,154,812,92,219,880,152,9,82,80,81,84,72,77,55,75,78,71,80,78,82,74,81,76,70,72,65,73,74,68,80,64,82,69,73,51,76,74,74,79
[1741791614.913202] [AOA] Measurement: 0,1741791614.881532,78:9a:18:7c:fa:69,2,1,2,2,128,389,279,34,70,22,962,868,592,418,916,300,874,354,897,539,183,484,1013,190,921,709,73,800,984,929,154,812,92,219,880,152,9,65,42023,0,17218,64,12898,16,302,56584,20495,39535,279,9,30727,6298,64124,105,71,61,67,70,63,72,59,76,61,67,43,69,68,65,75
[1741791614.998828] [AOA] Measurement: 0,1741791614.961673,78:9a:18:7c:fa:69,2,1,2,2,128,389,279,34,70,22,962,868,592,418,916,300,874,354,897,539,183,484,1013,190,921,709,73,800,984,929,154,812,92,219,880,152,9,65,42023,0,17218,64,12898,16,302,56584,20495,39535,279,9,30727,6298,64124,105,71,61,67,70,63,72,59,76,61,67,43,69,68,65,75
[1741791615.069814] [AOA] Measurement: 0,1741791615.041454,78:9a:18:7c:fa:69,2,1,2,2,128,389,279,34,70,22,962,868,592,418,916,300,874,354,897,539,183,484,1013,190,921,709,73,800,984,929,154,812,92,219,880,152,9,82,80,81,84,72,77,55,75,78,71,80,78,82,74,81,76,70,72,65,73,74,68,80,64,82,69,73,51,76,74,74,79
[1741791615.143164] [AOA] Measurement: 0,1741791615.111050,78:9a:18:7c:fa:69,2,1,2,2,128,389,279,34,70,22,962,868,592,418,916,300,874,354,897,539,183,484,1013,190,921,709,73,800,984,929,154,812,92,219,880,152,9,65,42023,0,17218,64,12898,16,302,56584,20495,39535,279,9,30727,6298,64124,105,71,61,67,70,63,72,59,76,61,67,43,69,68,65,75
[1741791615.213305] [AOA] Measurement: 0,1741791615.181482,78:9a:18:7c:fa:69,2,1,2,2,128,389,279,34,70,22,962,868,592,418,916,300,874,354,897,539,183,484,1013,190,921,709,73,800,984,929,154,812,92,219,880,152,9,65,42023,0,17218,64,12898,16,302,56584,20495,39535,279,9,30727,6298,64124,105,73,66,73,75,72,81,68,82,69,75,51,77,74,75,80
[1741791615.280328] [AOA] Measurement: 0,1741791615.250162,78:9a:18:7c:fa:69,2,1,2,2,128,389,279,34,70,22,962,868,592,418,916,300,874,354,897,539,183,484,1013,190,921,709,73,800,984,929,154,812,92,219,880,152,9,65,42023,0,17218,64,12898,16,302,56584,20495,39535,279,9,30727,6298,64124,105,71,61,67,70,63,72,59,76,61,67,43,69,68,65,75
[1741791615.353705] [AOA] Measurement: 0,1741791615.321568,78:9a:18:7c:fa:69,2,1,2,2,128,389,279,34,70,22,962,868,592,418,916,300,874,354,897,539,183,484,1013,190,921,709,73,800,984,929,154,812,92,219,880,152,9,65,42023,0,17218,64,12898,16,302,56584,20495,39535,279,9,30727,6298,64124,105,73,66,73,75,72,81,68,82,69,75,51,77,74,75,80
[1741791615.423749] [AOA] Measurement: 0,1741791615.391563,78:9a:18:7c:fa:69,2,1,2,2,128,389,279,34,70,22,962,868,592,418,916,300,874,354,897,539,183,484,1013,190,921,709,73,800,984,929,154,812,92,219,880,152,9,65,42023,0,17218,64,12898,16,302,56584,20495,39535,279,9,30727,6298,64124,105,71,61,67,70,63,72,59,76,61,67,43,69,68,65,75
[1741791615.488248] [AOA] Measurement: 0,1741791615.460181,78:9a:18:7c:fa:69,2,1,2,2,128,389,279,34,70,22,962,868,592,418,916,300,874,354,897,539,183,484,1013,190,921,709,73,800,984,929,154,812,92,219,880,152,9,82,80,81,84,72,77,55,75,78,71,80,78,82,74,81,76,70,72,65,73,74,68,80,64,82,69,73,51,76,74,74,79
[1741791615.563224] [AOA] Measurement: 0,1741791615.531503,78:9a:18:7c:fa:69,2,1,2,2,128,389,279,34,70,22,962,868,592,418,916,300,874,354,897,539,183,484,1013,190,921,709,73,800,984,929,154,812,92,219,880,152,9,65,42023,0,17218,64,12898,16,302,56584,20495,39535,279,9,30727,6298,64124,105,71,61,67,70,63,72,59,76,61,67,43,69,68,65,75
[1741791615.628605] [AOA] Measurement: 0,1741791615.600233,78:9a:18:7c:fa:69,2,1,2,2,128,389,279,34,70,22,962,868,592,418,916,300,874,354,897,539,183,484,1013,190,921,709,73,800,984,929,154,812,92,219,880,152,9,82,80,81,84,72,77,55,75,78,71,80,78,82,74,81,76,70,72,65,73,74,68,80,64,82,69,73,51,76,74,74,79
[1741791615.702555] [AOA] Measurement: 0,1741791615.670270,78:9a:18:7c:fa:69,2,1,2,2,128,389,279,34,70,22,962,868,592,418,916,300,874,354,897,539,183,484,1013,190,921,709,73,800,984,929,154,812,92,219,880,152,9,65,42023,0,17218,64,12898,16,302,56584,20495,39535,279,9,30727,6298,64124,105,71,61,67,70,63,72,59,76,61,67,43,69,68,65,75
[1741791615.773492] [AOA] Measurement: 0,1741791615.743029,78:9a:18:7c:fa:69,2,1,2,2,128,389,279,34,70,22,962,868,592,418,916,300,874,354,897,539,183,484,1013,190,921,709,73,800,984,929,154,812,92,219,880,152,9,65,42023,0,17218,64,12898,16,302,56584,20495,39535,279,9,30727,6298,64124,105,71,61,67,70,63,72,59,76,61,67,43,69,68,65,75
[1741791615.853227] [AOA] Measurement: 0,1741791615.821567,78:9a:18:7c:fa:69,2,1,2,2,128,389,279,34,70,22,962,868,592,418,916,300,874,354,897,539,183,484,1013,190,921,709,73,800,984,929,154,812,92,219,880,152,9,65,42023,0,17218,64,12898,16,302,56584,20495,39535,279,9,30727,6298,64124,105,73,66,73,75,72,81,68,82,69,75,51,77,74,75,80
[1741791615.920885] [AOA] Measurement: 0,1741791615.890221,78:9a:18:7c:fa:69,2,1,2,2,128,389,279,34,70,22,962,868,592,418,916,300,874,354,897,539,183,484,1013,190,921,709,73,800,984,929,154,812,92,219,880,152,9,65,42023,0,17218,64,12898,16,302,56584,20495,39535,279,9,30727,6298,64124,105,71,61,67,70,63,72,59,76,61,67,43,69,68,65,75
[1741791615.993046] [AOA] Measurement: 0,1741791615.961446,78:9a:18:7c:fa:69,2,1,2,2,128,389,279,34,70,22,962,868,592,418,916,300,874,354,897,539,183,484,1013,190,921,709,73,800,984,929,154,812,92,219,880,152,9,65,42023,0,17218,64,12898,16,302,56584,20495,39535,279,9,30727,6298,64124,105,73,66,73,75,72,81,68,82,69,75,51,77,74,75,80
[1741791616.058875] [AOA] Measurement: 0,1741791616.030310,78:9a:18:7c:fa:69,2,1,2,2,128,389,279,34,70,22,962,868,592,418,916,300,874,354,897,539,183,484,1013,190,921,709,73,800,984,929,154,812,92,219,880,152,9,65,42023,0,17218,64,12898,16,302,56584,20495,39535,279,9,30727,6298,64124,105,71,61,67,70,63,72,59,76,61,67,43,69,68,65,75
[1741791616.130824] [AOA] Measurement: 0,1741791616.100302,78:9a:18:7c:fa:69,2,1,2,2,128,389,279,34,70,22,962,868,592,418,916,300,874,354,897,539,183,484,1013,190,921,709,73,800,984,929,154,812,92,219,880,152,9,65,42023,0,17218,64,12898,16,302,56584,20495,39535,279,9,30727,6298,64124,105,73,66,73,75,72,81,68,82,69,75,51,77,74,75,80
[1741791616.203983] [AOA] Measurement: 0,1741791616.171403,78:9a:18:7c:fa:69,2,1,2,2,128,389,279,34,70,22,962,868,592,418,916,300,874,354,897,539,183,484,1013,190,921,709,73,800,984,929,154,812,92,219,880,152,9,65,42023,0,17218,64,12898,16,302,56584,20495,39535,279,9,30727,6298,64124,105,71,61,67,70,63,72,59,76,61,67,43,69,68,65,75
[1741791616.268541] [AOA] Measurement: 0,1741791616.240233,78:9a:18:7c:fa:69,2,1,2,2,128,389,279,34,70,22,962,868,592,418,916,300,874,354,897,539,183,484,1013,190,921,709,73,800,984,929,154,812,92,219,880,152,9,65,42023,0,17218,64,12898,16,302,56584,20495,39535,279,9,30727,6298,64124,105,73,66,73,75,72,81,68,82,69,75,51,77,74,75,80
[1741791616.354914] [AOA] Measurement: 0,1741791616.310189,78:9a:18:7c:fa:69,2,1,2,2,128,389,279,34,70,22,962,868,592,418,916,300,874,354,897,539,183,484,1013,190,921,709,73,800,984,929,154,812,92,219,880,152,9,65,42023,0,17218,64,12898,16,302,56584,20495,39535,279,9,30727,6298,64124,105,71,61,67,70,63,72,59,76,61,67,43,69,68,65,75
[1741791616.420761] [AOA] Measurement: 0,1741791616.390328,78:9a:18:7c:fa:69,2,1,2,2,128,389,279,34,70,22,962,868,592,418,916,300,874,354,897,539,183,484,1013,190,921,709,73,800,984,929,154,812,92,219,880,152,9,65,42023,0,17218,64,12898,16,302,56584,20495,39535,279,9,30727,6298,64124,105,71,61,67,70,63,72,59,76,61,67,43,69,68,65,75
[1741791616.493534] [AOA] Measurement: 0,1741791616.461525,78:9a:18:7c:fa:69,2,1,2,2,128,389,279,34,70,22,962,868,592,418,916,300,874,354,897,539,183,484,1013,190,921,709,73,800,984,929,154,812,92,219,880,152,9,65,42023,0,17218,64,12898,16,302,56584,20495,39535,279,9,30727,6298,64124,105,73,66,73,75,72,81,68,82,69,75,51,77,74,75,80
[1741791616.556195] [AOA] Measurement: 0,1741791616.530221,78:9a:18:7c:fa:69,2,1,2,2,128,389,279,34,70,22,962,868,592,418,916,300,874,354,897,539,183,484,1013,190,921,709,73,800,984,929,154,812,92,219,880,152,9,81,80,78,83,70,75,51,72,77,68,79,75,80,74,79,75,66,71,62,69,70,66,75,61,80,65,71,47,72,71,71,76
[1741791616.630536] [AOA] Measurement: 0,1741791616.600212,78:9a:18:7c:fa:69,2,1,2,2,128,389,279,34,70,22,962,868,592,418,916,300,874,354,897,539,183,484,1013,190,921,709,73,800,984,929,154,812,92,219,880,152,9,65,42023,0,17218,64,12898,16,302,56584,20495,39535,279,9,30727,6298,64124,105,73,66,73,75,72,81,68,82,69,75,51,77,74,75,80
[1741791616.700842] [AOA] Measurement: 0,1741791616.671561,78:9a:18:7c:fa:69,2,1,2,2,128,389,279,34,70,22,962,868,592,418,916,300,874,354,897,539,183,484,1013,190,921,709,73,800,984,929,154,812,92,219,880,152,9,81,80,78,83,70,75,51,72,77,68,79,75,80,74,79,75,66,71,62,69,70,66,75,61,80,65,71,47,72,71,71,76
[1741791616.770244] [AOA] Measurement: 0,1741791616.740187,78:9a:18:7c:fa:69,2,1,2,2,128,389,279,34,70,22,962,868,592,418,916,300,874,354,897,539,183,484,1013,190,921,709,73,800,984,929,154,812,92,219,880,152,9,65,42023,0,17218,64,12898,16,302,56584,20495,39535,279,9,30727,6298,64124,105,73,66,73,75,72,81,68,82,69,75,51,77,74,75,80
[1741791616.843306] [AOA] Measurement: 0,1741791616.811543,78:9a:18:7c:fa:69,2,1,2,2,128,389,279,34,70,22,962,868,592,418,916,300,874,354,897,539,183,484,1013,190,921,709,73,800,984,929,154,812,92,219,880,152,9,65,42023,0,17218,64,12898,16,302,56584,20495,39535,279,9,30727,6298,64124,105,71,61,67,70,63,72,59,76,61,67,43,69,68,65,75
[1741791616.936353] [AOA] Measurement: 0,1741791616.891486,78:9a:18:7c:fa:69,2,1,2,2,128,389,279,34,70,22,962,868,592,418,916,300,874,354,897,539,183,484,1013,190,921,709,73,800,984,929,154,812,92,219,880,152,9,65,42023,0,17218,64,12898,16,302,56584,20495,39535,279,9,30727,6298,64124,105,73,66,73,75,72,81,68,82,69,75,51,77,74,75,80
[1741791617.013308] [AOA] Measurement: 0,1741791616.981630,78:9a:18:7c:fa:69,2,1,2,2,128,389,279,34,70,22,962,868,592,418,916,300,874,354,897,539,183,484,1013,190,921,709,73,800,984,929,154,812,92,219,880,152,9,65,42023,0,17218,64,12898,16,302,56584,20495,39535,279,9,30727,6298,64124,105,71,61,67,70,63,72,59,76,61,67,43,69,68,65,75
[1741791617.078784] [AOA] Measurement: 0,1741791617.050233,78:9a:18:7c:fa:69,2,1,2,2,128,389,279,34,70,22,962,868,592,418,916,300,874,354,897,539,183,484,1013,190,921,709,73,800,984,929,154,812,92,219,880,152,9,65,42023,0,17218,64,12898,16,302,56584,20495,39535,279,9,30727,6298,64124,105,73,66,73,75,72,81,68,82,69,75,51,77,74,75,80
[1741791617.164204] [AOA] Measurement: 0,1741791617.120230,78:9a:18:7c:fa:69,2,1,2,2,128,389,279,34,70,22,962,868,592,418,916,300,874,354,897,539,183,484,1013,190,921,709,73,800,984,929,154,812,92,219,880,152,9,65,42023,0,17218,64,12898,16,302,56584,20495,39535,279,9,30727,6298,64124,105,73,66,73,75,72,81,68,82,69,75,51,77,74,75,80
[1741791617.240681] [AOA] Measurement: 0,1741791617.211518,78:9a:18:7c:fa:69,2,1,2,2,128,389,279,34,70,22,962,868,592,418,916,300,874,354,897,539,183,484,1013,190,921,709,73,800,984,929,154,812,92,219,880,152,9,81,80,78,83,70,75,51,72,77,68,79,75,80,74,79,75,66,71,62,69,70,66,75,61,80,65,71,47,72,71,71,76
[1741791617.308371] [AOA] Measurement: 0,1741791617.280145,78:9a:18:7c:fa:69,2,1,2,2,128,389,279,34,70,22,962,868,592,418,916,300,874,354,897,539,183,484,1013,190,921,709,73,800,984,929,154,812,92,219,880,152,9,65,42023,0,17218,64,12898,16,302,56584,20495,39535,279,9,30727,6298,64124,105,73,66,73,75,72,81,68,82,69,75,51,77,74,75,80
[1741791617.378818] [AOA] Measurement: 0,1741791617.350266,78:9a:18:7c:fa:69,2,1,2,2,128,389,279,34,70,22,962,868,592,418,916,300,874,354,897,539,183,484,1013,190,921,709,73,800,984,929,154,812,92,219,880,152,9,81,80,78,83,70,75,51,72,77,68,79,75,80,74,79,75,66,71,62,69,70,66,75,61,80,65,71,47,72,71,71,76
[1741791617.453162] [AOA] Measurement: 0,1741791617.421531,78:9a:18:7c:fa:69,2,1,2,2,128,389,279,34,70,22,962,868,592,418,916,300,874,354,897,539,183,484,1013,190,921,709,73,800,984,929,154,812,92,219,880,152,9,65,42023,0,17218,64,12898,16,302,56584,20495,39535,279,9,30727,6298,64124,105,73,66,73,75,72,81,68,82,69,75,51,77,74,75,80
[1741791617.518657] [AOA] Measurement: 0,1741791617.490307,78:9a:18:7c:fa:69,2,1,2,2,128,389,279,34,70,22,962,868,592,418,916,300,874,354,897,539,183,484,1013,190,921,709,73,800,984,929,154,812,92,219,880,152,9,81,80,78,83,70,75,51,72,77,68,79,75,80,74,79,75,66,71,62,69,70,66,75,61,80,65,71,47,72,71,71,76
[1741791617.591959] [AOA] Measurement: 0,1741791617.560341,78:9a:18:7c:fa:69,2,1,2,2,128,389,279,34,70,22,962,868,592,418,916,300,874,354,897,539,183,484,1013,190,921,709,73,800,984,929,154,812,92,219,880,152,9,65,42023,0,17218,64,12898,16,302,56584,20495,39535,279,9,30727,6298,64124,105,73,66,73,75,72,81,68,82,69,75,51,77,74,75,80
[1741791617.655909] [AOA] Measurement: 0,1741791617.630272,78:9a:18:7c:fa:69,2,1,2,2,128,389,279,34,70,22,962,868,592,418,916,300,874,354,897,539,183,484,1013,190,921,709,73,800,984,929,154,812,92,219,880,152,9,81,80,78,83,70,75,51,72,77,68,79,75,80,74,79,75,66,71,62,69,70,66,75,61,80,65,71,47,72,71,71,76
[1741791617.731982] [AOA] Measurement: 0,1741791617.700266,78:9a:18:7c:fa:69,2,1,2,2,128,389,279,34,70,22,962,868,592,418,916,300,874,354,897,539,183,484,1013,190,921,709,73,800,984,929,154,812,92,219,880,152,9,65,42023,0,17218,64,12898,16,302,56584,20495,39535,279,9,30727,6298,64124,105,73,66,73,75,72,81,68,82,69,75,51,77,74,75,80
[1741791617.810145] [AOA] Measurement: 0,1741791617.781504,78:9a:18:7c:fa:69,2,1,2,2,128,389,279,34,70,22,962,868,592,418,916,300,874,354,897,539,183,484,1013,190,921,709,73,800,984,929,154,812,92,219,880,152,9,81,80,78,83,70,75,51,72,77,68,79,75,80,74,79,75,66,71,62,69,70,66,75,61,80,65,71,47,72,71,71,76
[1741791617.880604] [AOA] Measurement: 0,1741791617.851439,78:9a:18:7c:fa:69,2,1,2,2,128,389,279,34,70,22,962,868,592,418,916,300,874,354,897,539,183,484,1013,190,921,709,73,800,984,929,154,812,92,219,880,152,9,81,80,78,83,70,75,51,72,77,68,79,75,80,74,79,75,66,71,62,69,70,66,75,61,80,65,71,47,72,71,71,76
[1741791617.950262] [AOA] Measurement: 0,1741791617.920174,78:9a:18:7c:fa:69,2,1,2,2,128,389,279,34,70,22,962,868,592,418,916,300,874,354,897,539,183,484,1013,190,921,709,73,800,984,929,154,812,92,219,880,152,9,65,42023,0,17218,64,12898,16,302,56584,20495,39535,279,9,30727,6298,64124,105,73,66,73,75,72,81,68,82,69,75,51,77,74,75,80
[1741791618.025026] [AOA] Measurement: 0,1741791617.995881,78:9a:18:7c:fa:69,2,1,2,2,128,389,279,34,70,22,962,868,592,418,916,300,874,354,897,539,183,484,1013,190,921,709,73,800,984,929,154,812,92,219,880,152,9,81,80,78,83,70,75,51,72,77,68,79,75,80,74,79,75,66,71,62,69,70,66,75,61,80,65,71,47,72,71,71,76
[1741791618.117397] [AOA] Measurement: 0,1741791618.071452,78:9a:18:7c:fa:69,2,1,2,2,128,389,279,34,70,22,962,868,592,418,916,300,874,354,897,539,183,484,1013,190,921,709,73,800,984,929,154,812,92,219,880,152,9,65,42023,0,17218,64,12898,16,302,56584,20495,39535,279,9,30727,6298,64124,105,73,66,73,75,72,81,68,82,69,75,51,77,74,75,80
[1741791618.187367] [AOA] Measurement: 0,1741791618.160332,78:9a:18:7c:fa:69,2,1,2,2,128,389,279,34,70,22,962,868,592,418,916,300,874,354,897,539,183,484,1013,190,921,709,73,800,984,929,154,812,92,219,880,152,9,81,80,78,83,70,75,51,72,77,68,79,75,80,74,79,75,66,71,62,69,70,66,75,61,80,65,71,47,72,71,71,76
[1741791618.260689] [AOA] Measurement: 0,1741791618.231488,78:9a:18:7c:fa:69,2,1,2,2,128,389,279,34,70,22,962,868,592,418,916,300,874,354,897,539,183,484,1013,190,921,709,73,800,984,929,154,812,92,219,880,152,9,82,80,81,84,72,77,55,75,78,71,80,78,82,74,81,76,70,72,65,73,74,68,80,64,82,69,73,51,76,74,74,79
[1741791618.328733] [AOA] Measurement: 0,1741791618.300368,78:9a:18:7c:fa:69,2,1,2,2,128,389,279,34,70,22,962,868,592,418,916,300,874,354,897,539,183,484,1013,190,921,709,73,800,984,929,154,812,92,219,880,152,9,81,80,78,83,70,75,51,72,77,68,79,75,80,74,79,75,66,71,62,69,70,66,75,61,80,65,71,47,72,71,71,76
[1741791618.397089] [AOA] Measurement: 0,1741791618.370318,78:9a:18:7c:fa:69,2,1,2,2,128,389,279,34,70,22,962,868,592,418,916,300,874,354,897,539,183,484,1013,190,921,709,73,800,984,929,154,812,92,219,880,152,9,82,80,81,84,72,77,55,75,78,71,80,78,82,74,81,76,70,72,65,73,74,68,80,64,82,69,73,51,76,74,74,79
[1741791618.470687] [AOA] Measurement: 0,1741791618.441432,78:9a:18:7c:fa:69,2,1,2,2,128,389,279,34,70,22,962,868,592,418,916,300,874,354,897,539,183,484,1013,190,921,709,73,800,984,929,154,812,92,219,880,152,9,81,80,78,83,70,75,51,72,77,68,79,75,80,74,79,75,66,71,62,69,70,66,75,61,80,65,71,47,72,71,71,76
[1741791618.540554] [AOA] Measurement: 0,1741791618.510198,78:9a:18:7c:fa:69,2,1,2,2,128,389,279,34,70,22,962,868,592,418,916,300,874,354,897,539,183,484,1013,190,921,709,73,800,984,929,154,812,92,219,880,152,9,65,42023,0,17218,64,12898,16,302,56584,20495,39535,279,9,30727,6298,64124,105,73,66,73,75,72,81,68,82,69,75,51,77,74,75,80
[1741791618.613161] [AOA] Measurement: 0,1741791618.581537,78:9a:18:7c:fa:69,2,1,2,2,128,389,279,34,70,22,962,868,592,418,916,300,874,354,897,539,183,484,1013,190,921,709,73,800,984,929,154,812,92,219,880,152,9,65,42023,0,17218,64,12898,16,302,56584,20495,39535,279,9,30727,6298,64124,105,73,66,73,75,72,81,68,82,69,75,51,77,74,75,80
[1741791618.691178] [AOA] Measurement: 0,1741791618.661464,78:9a:18:7c:fa:69,2,1,2,2,128,389,279,34,70,22,962,868,592,418,916,300,874,354,897,539,183,484,1013,190,921,709,73,800,984,929,154,812,92,219,880,152,9,81,80,78,83,70,75,51,72,77,68,79,75,80,74,79,75,66,71,62,69,70,66,75,61,80,65,71,47,72,71,71,76
[1741791618.784182] [AOA] Measurement: 0,1741791618.741485,78:9a:18:7c:fa:69,2,1,2,2,128,389,279,34,70,22,962,868,592,418,916,300,874,354,897,539,183,484,1013,190,921,709,73,800,984,929,154,812,92,219,880,152,9,65,42023,0,17218,64,12898,16,302,56584,20495,39535,279,9,30727,6298,64124,105,73,66,73,75,72,81,68,82,69,75,51,77,74,75,80
[1741791618.849896] [AOA] Measurement: 0,1741791618.821475,78:9a:18:7c:fa:69,2,1,2,2,128,389,279,34,70,22,962,868,592,418,916,300,874,354,897,539,183,484,1013,190,921,709,73,800,984,929,154,812,92,219,880,152,9,81,80,78,83,70,75,51,72,77,68,79,75,80,74,79,75,66,71,62,69,70,66,75,61,80,65,71,47,72,71,71,76
[1741791618.922615] [AOA] Measurement: 0,1741791618.891010,78:9a:18:7c:fa:69,2,1,2,2,128,389,279,34,70,22,962,868,592,418,916,300,874,354,897,539,183,484,1013,190,921,709,73,800,984,929,154,812,92,219,880,152,9,65,42023,0,17218,64,12898,16,302,56584,20495,39535,279,9,30727,6298,64124,105,73,66,73,75,72,81,68,82,69,75,51,77,74,75,80
[1741791618.986015] [AOA] Measurement: 0,1741791618.960194,78:9a:18:7c:fa:69,2,1,2,2,128,389,279,34,70,22,962,868,592,418,916,300,874,354,897,539,183,484,1013,190,921,709,73,800,984,929,154,812,92,219,880,152,9,81,80,78,83,70,75,51,72,77,68,79,75,80,74,79,75,66,71,62,69,70,66,75,61,80,65,71,47,72,71,71,76
[1741791619.060458] [AOA] Measurement: 0,1741791619.030201,78:9a:18:7c:fa:69,2,1,2,2,128,389,279,34,70,22,962,868,592,418,916,300,874,354,897,539,183,484,1013,190,921,709,73,800,984,929,154,812,92,219,880,152,9,65,42023,0,17218,64,12898,16,302,56584,20495,39535,279,9,30727,6298,64124,105,73,66,73,75,72,81,68,82,69,75,51,77,74,75,80
[1741791619.131043] [AOA] Measurement: 0,1741791619.101518,78:9a:18:7c:fa:69,2,1,2,2,128,389,279,34,70,22,962,868,592,418,916,300,874,354,897,539,183,484,1013,190,921,709,73,800,984,929,154,812,92,219,880,152,9,81,80,78,83,70,75,51,72,77,68,79,75,80,74,79,75,66,71,62,69,70,66,75,61,80,65,71,47,72,71,71,76
[1741791619.211907] [AOA] Measurement: 0,1741791619.180310,78:9a:18:7c:fa:69,2,1,2,2,128,389,279,34,70,22,962,868,592,418,916,300,874,354,897,539,183,484,1013,190,921,709,73,800,984,929,154,812,92,219,880,152,9,65,42023,0,17218,64,12898,16,302,56584,20495,39535,279,9,30727,6298,64124,105,73,66,73,75,72,81,68,82,69,75,51,77,74,75,80
[1741791619.277170] [AOA] Measurement: 0,1741791619.250177,78:9a:18:7c:fa:69,2,1,2,2,128,389,279,34,70,22,962,868,592,418,916,300,874,354,897,539,183,484,1013,190,921,709,73,800,984,929,154,812,92,219,880,152,9,81,80,78,83,70,75,51,72,77,68,79,75,80,74,79,75,66,71,62,69,70,66,75,61,80,65,71,47,72,71,71,76
[1741791619.350782] [AOA] Measurement: 0,1741791619.321508,78:9a:18:7c:fa:69,2,1,2,2,128,389,279,34,70,22,962,868,592,418,916,300,874,354,897,539,183,484,1013,190,921,709,73,800,984,929,154,812,92,219,880,152,9,81,80,78,83,70,75,51,72,77,68,79,75,80,74,79,75,66,71,62,69,70,66,75,61,80,65,71,47,72,71,71,76
[1741791619.436657] [AOA] Measurement: 0,1741791619.400205,78:9a:18:7c:fa:69,2,1,2,2,128,389,279,34,70,22,962,868,592,418,916,300,874,354,897,539,183,484,1013,190,921,709,73,800,984,929,154,812,92,219,880,152,9,65,42023,0,17218,64,12898,16,302,56584,20495,39535,279,9,30727,6298,64124,105,73,66,73,75,72,81,68,82,69,75,51,77,74,75,80
[1741791619.510621] [AOA] Measurement: 0,1741791619.481493,78:9a:18:7c:fa:69,2,1,2,2,128,389,279,34,70,22,962,868,592,418,916,300,874,354,897,539,183,484,1013,190,921,709,73,800,984,929,154,812,92,219,880,152,9,81,80,78,83,70,75,51,72,77,68,79,75,80,74,79,75,66,71,62,69,70,66,75,61,80,65,71,47,72,71,71,76
[1741791619.580470] [AOA] Measurement: 0,1741791619.550201,78:9a:18:7c:fa:69,2,1,2,2,128,389,279,34,70,22,962,868,592,418,916,300,874,354,897,539,183,484,1013,190,921,709,73,800,984,929,154,812,92,219,880,152,9,65,42023,0,17218,64,12898,16,302,56584,20495,39535,279,9,30727,6298,64124,105,73,66,73,75,72,81,68,82,69,75,51,77,74,75,80
[1741791619.653176] [AOA] Measurement: 0,1741791619.621550,78:9a:18:7c:fa:69,2,1,2,2,128,389,279,34,70,22,962,868,592,418,916,300,874,354,897,539,183,484,1013,190,921,709,73,800,984,929,154,812,92,219,880,152,9,65,42023,0,17218,64,12898,16,302,56584,20495,39535,279,9,30727,6298,64124,105,71,61,67,70,63,72,59,76,61,67,43,69,68,65,75
[1741791619.733211] [AOA] Measurement: 0,1741791619.701560,78:9a:18:7c:fa:69,2,1,2,2,128,389,279,34,70,22,962,868,592,418,916,300,874,354,897,539,183,484,1013,190,921,709,73,800,984,929,154,812,92,219,880,152,9,65,42023,0,17218,64,12898,16,302,56584,20495,39535,279,9,30727,6298,64124,105,73,66,73,75,72,81,68,82,69,75,51,77,74,75,80
[1741791619.811185] [AOA] Measurement: 0,1741791619.771438,78:9a:18:7c:fa:69,2,1,2,2,128,389,279,34,70,22,962,868,592,418,916,300,874,354,897,539,183,484,1013,190,921,709,73,800,984,929,154,812,92,219,880,152,9,65,42023,0,17218,64,12898,16,302,56584,20495,39535,279,9,30727,6298,64124,105,71,61,67,70,63,72,59,76,61,67,43,69,68,65,75
[1741791619.883116] [AOA] Measurement: 0,1741791619.851482,78:9a:18:7c:fa:69,2,1,2,2,128,389,279,34,70,22,962,868,592,418,916,300,874,354,897,539,183,484,1013,190,921,709,73,800,984,929,154,812,92,219,880,152,9,65,42023,0,17218,64,12898,16,302,56584,20495,39535,279,9,30727,6298,64124,105,73,66,73,75,72,81,68,82,69,75,51,77,74,75,80
[1741791619.960995] [AOA] Measurement: 0,1741791619.931511,78:9a:18:7c:fa:69,2,1,2,2,128,389,279,34,70,22,962,868,592,418,916,300,874,354,897,539,183,484,1013,190,921,709,73,800,984,929,154,812,92,219,880,152,9,81,80,78,83,70,75,51,72,77,68,79,75,80,74,79,75,66,71,62,69,70,66,75,61,80,65,71,47,72,71,71,76
[1741791620.038564] [AOA] Measurement: 0,1741791620.010327,78:9a:18:7c:fa:69,2,1,2,2,128,389,279,34,70,22,962,868,592,418,916,300,874,354,897,539,183,484,1013,190,921,709,73,800,984,929,154,812,92,219,880,152,9,81,80,78,83,70,75,51,72,77,68,79,75,80,74,79,75,66,71,62,69,70,66,75,61,80,65,71,47,72,71,71,76
[1741791620.113624] [AOA] Measurement: 0,1741791620.081498,78:9a:18:7c:fa:69,2,1,2,2,128,389,279,34,70,22,962,868,592,418,916,300,874,354,897,539,183,484,1013,190,921,709,73,800,984,929,154,812,92,219,880,152,9,65,42023,0,17218,64,12898,16,302,56584,20495,39535,279,9,30727,6298,64124,105,73,66,73,75,72,81,68,82,69,75,51,77,74,75,80
[1741791620.190638] [AOA] Measurement: 0,1741791620.161469,78:9a:18:7c:fa:69,2,1,2,2,128,389,279,34,70,22,962,868,592,418,916,300,874,354,897,539,183,484,1013,190,921,709,73,800,984,929,154,812,92,219,880,152,9,81,80,78,83,70,75,51,72,77,68,79,75,80,74,79,75,66,71,62,69,70,66,75,61,80,65,71,47,72,71,71,76
[1741791620.260799] [AOA] Measurement: 0,1741791620.230201,78:9a:18:7c:fa:69,2,1,2,2,128,389,279,34,70,22,962,868,592,418,916,300,874,354,897,539,183,484,1013,190,921,709,73,800,984,929,154,812,92,219,880,152,9,65,42023,0,17218,64,12898,16,302,56584,20495,39535,279,9,30727,6298,64124,105,73,66,73,75,72,81,68,82,69,75,51,77,74,75,80
[1741791620.327847] [AOA] Measurement: 0,1741791620.300195,78:9a:18:7c:fa:69,2,1,2,2,128,389,279,34,70,22,962,868,592,418,916,300,874,354,897,539,183,484,1013,190,921,709,73,800,984,929,154,812,92,219,880,152,9,81,80,78,83,70,75,51,72,77,68,79,75,80,74,79,75,66,71,62,69,70,66,75,61,80,65,71,47,72,71,71,76
[1741791620.403287] [AOA] Measurement: 0,1741791620.371579,78:9a:18:7c:fa:69,2,1,2,2,128,389,279,34,70,22,962,868,592,418,916,300,874,354,897,539,183,484,1013,190,921,709,73,800,984,929,154,812,92,219,880,152,9,65,42023,0,17218,64,12898,16,302,56584,20495,39535,279,9,30727,6298,64124,105,73,66,73,75,72,81,68,82,69,75,51,77,74,75,80
[1741791620.468343] [AOA] Measurement: 0,1741791620.440230,78:9a:18:7c:fa:69,2,1,2,2,128,389,279,34,70,22,962,868,592,418,916,300,874,354,897,539,183,484,1013,190,921,709,73,800,984,929,154,812,92,219,880,152,9,81,80,78,83,70,75,51,72,77,68,79,75,80,74,79,75,66,71,62,69,70,66,75,61,80,65,71,47,72,71,71,76
[1741791620.542000] [AOA] Measurement: 0,1741791620.510323,78:9a:18:7c:fa:69,2,1,2,2,128,389,279,34,70,22,962,868,592,418,916,300,874,354,897,539,183,484,1013,190,921,709,73,800,984,929,154,812,92,219,880,152,9,65,42023,0,17218,64,12898,16,302,56584,20495,39535,279,9,30727,6298,64124,105,73,66,73,75,72,81,68,82,69,75,51,77,74,75,80
[1741791620.606339] [AOA] Measurement: 0,1741791620.580311,78:9a:18:7c:fa:69,2,1,2,2,128,389,279,34,70,22,962,868,592,418,916,300,874,354,897,539,183,484,1013,190,921,709,73,800,984,929,154,812,92,219,880,152,9,81,80,78,83,70,75,51,72,77,68,79,75,80,74,79,75,66,71,62,69,70,66,75,61,80,65,71,47,72,71,71,76
[1741791620.680433] [AOA] Measurement: 0,1741791620.650147,78:9a:18:7c:fa:69,2,1,2,2,128,389,279,34,70,22,962,868,592,418,916,300,874,354,897,539,183,484,1013,190,921,709,73,800,984,929,154,812,92,219,880,152,9,65,42023,0,17218,64,12898,16,302,56584,20495,39535,279,9,30727,6298,64124,105,73,66,73,75,72,81,68,82,69,75,51,77,74,75,80
[1741791620.753244] [AOA] Measurement: 0,1741791620.721515,78:9a:18:7c:fa:69,2,1,2,2,128,389,279,34,70,22,962,868,592,418,916,300,874,354,897,539,183,484,1013,190,921,709,73,800,984,929,154,812,92,219,880,152,9,65,42023,0,17218,64,12898,16,302,56584,20495,39535,279,9,30727,6298,64124,105,73,66,73,75,72,81,68,82,69,75,51,77,74,75,80
[1741791620.817830] [AOA] Measurement: 0,1741791620.790201,78:9a:18:7c:fa:69,2,1,2,2,128,389,279,34,70,22,962,868,592,418,916,300,874,354,897,539,183,484,1013,190,921,709,73,800,984,929,154,812,92,219,880,152,9,81,80,78,83,70,75,51,72,77,68,79,75,80,74,79,75,66,71,62,69,70,66,75,61,80,65,71,47,72,71,71,76
[1741791620.895178] [AOA] Measurement: 0,1741791620.863036,78:9a:18:7c:fa:69,2,1,2,2,128,389,279,34,70,22,962,868,592,418,916,300,874,354,897,539,183,484,1013,190,921,709,73,800,984,929,154,812,92,219,880,152,9,65,42023,0,17218,64,12898,16,302,56584,20495,39535,279,9,30727,6298,64124,105,73,66,73,75,72,81,68,82,69,75,51,77,74,75,80
[1741791620.970915] [AOA] Measurement: 0,1741791620.941421,78:9a:18:7c:fa:69,2,1,2,2,128,389,279,34,70,22,962,868,592,418,916,300,874,354,897,539,183,484,1013,190,921,709,73,800,984,929,154,812,92,219,880,152,9,81,80,78,83,70,75,51,72,77,68,79,75,80,74,79,75,66,71,62,69,70,66,75,61,80,65,71,47,72,71,71,76
[1741791621.048506] [AOA] Measurement: 0,1741791621.020224,78:9a:18:7c:fa:69,2,1,2,2,128,389,279,34,70,22,962,868,592,418,916,300,874,354,897,539,183,484,1013,190,921,709,73,800,984,929,154,812,92,219,880,152,9,82,80,81,84,72,77,55,75,78,71,80,78,82,74,81,76,70,72,65,73,74,68,80,64,82,69,73,51,76,74,74,79
[1741791621.131147] [AOA] Measurement: 0,1741791621.101492,78:9a:18:7c:fa:69,2,1,2,2,128,389,279,34,70,22,962,868,592,418,916,300,874,354,897,539,183,484,1013,190,921,709,73,800,984,929,154,812,92,219,880,152,9,81,80,78,83,70,75,51,72,77,68,79,75,80,74,79,75,66,71,62,69,70,66,75,61,80,65,71,47,72,71,71,76
[1741791621.197891] [AOA] Measurement: 0,1741791621.170215,78:9a:18:7c:fa:69,2,1,2,2,128,389,279,34,70,22,962,868,592,418,916,300,874,354,897,539,183,484,1013,190,921,709,73,800,984,929,154,812,92,219,880,152,9,82,80,81,84,72,77,55,75,78,71,80,78,82,74,81,76,70,72,65,73,74,68,80,64,82,69,73,51,76,74,74,79
[1741791621.267151] [AOA] Measurement: 0,1741791621.240397,78:9a:18:7c:fa:69,2,1,2,2,128,389,279,34,70,22,962,868,592,418,916,300,874,354,897,539,183,484,1013,190,921,709,73,800,984,929,154,812,92,219,880,152,9,81,80,78,83,70,75,51,72,77,68,79,75,80,74,79,75,66,71,62,69,70,66,75,61,80,65,71,47,72,71,71,76
[1741791621.343114] [AOA] Measurement: 0,1741791621.311438,78:9a:18:7c:fa:69,2,1,2,2,128,389,279,34,70,22,962,868,592,418,916,300,874,354,897,539,183,484,1013,190,921,709,73,800,984,929,154,812,92,219,880,152,9,65,42023,0,17218,64,12898,16,302,56584,20495,39535,279,9,30727,6298,64124,105,73,66,73,75,72,81,68,82,69,75,51,77,74,75,80
[1741791621.407945] [AOA] Measurement: 0,1741791621.380187,78:9a:18:7c:fa:69,2,1,2,2,128,389,279,34,70,22,962,868,592,418,916,300,874,354,897,539,183,484,1013,190,921,709,73,800,984,929,154,812,92,219,880,152,9,81,80,78,83,70,75,51,72,77,68,79,75,80,74,79,75,66,71,62,69,70,66,75,61,80,65,71,47,72,71,71,76
[1741791621.480832] [AOA] Measurement: 0,1741791621.451248,78:9a:18:7c:fa:69,2,1,2,2,128,389,279,34,70,22,962,868,592,418,916,300,874,354,897,539,183,484,1013,190,921,709,73,800,984,929,154,812,92,219,880,152,9,81,80,78,83,70,75,51,72,77,68,79,75,80,74,79,75,66,71,62,69,70,66,75,61,80,65,71,47,72,71,71,76
[1741791621.550231] [AOA] Measurement: 0,1741791621.520167,78:9a:18:7c:fa:69,2,1,2,2,128,389,279,34,70,22,962,868,592,418,916,300,874,354,897,539,183,484,1013,190,921,709,73,800,984,929,154,812,92,219,880,152,9,65,42023,0,17218,64,12898,16,302,56584,20495,39535,279,9,30727,6298,64124,105,73,66,73,75,72,81,68,82,69,75,51,77,74,75,80
[1741791621.620875] [AOA] Measurement: 0,1741791621.591604,78:9a:18:7c:fa:69,2,1,2,2,128,389,279,34,70,22,962,868,592,418,916,300,874,354,897,539,183,484,1013,190,921,709,73,800,984,929,154,812,92,219,880,152,9,81,80,78,83,70,75,51,72,77,68,79,75,80,74,79,75,66,71,62,69,70,66,75,61,80,65,71,47,72,71,71,76
[1741791621.708395] [AOA] Measurement: 0,1741791621.670217,78:9a:18:7c:fa:69,2,1,2,2,128,389,279,34,70,22,962,868,592,418,916,300,874,354,897,539,183,484,1013,190,921,709,73,800,984,929,154,812,92,219,880,152,9,65,42023,0,17218,64,12898,16,302,56584,20495,39535,279,9,30727,6298,64124,105,73,66,73,75,72,81,68,82,69,75,51,77,74,75,80
[1741791621.776081] [AOA] Measurement: 0,1741791621.750255,78:9a:18:7c:fa:69,2,1,2,2,128,389,279,34,70,22,962,868,592,418,916,300,874,354,897,539,183,484,1013,190,921,709,73,800,984,929,154,812,92,219,880,152,9,81,80,78,83,70,75,51,72,77,68,79,75,80,74,79,75,66,71,62,69,70,66,75,61,80,65,71,47,72,71,71,76
[1741791621.850303] [AOA] Measurement: 0,1741791621.820201,78:9a:18:7c:fa:69,2,1,2,2,128,389,279,34,70,22,962,868,592,418,916,300,874,354,897,539,183,484,1013,190,921,709,73,800,984,929,154,812,92,219,880,152,9,65,42023,0,17218,64,12898,16,302,56584,20495,39535,279,9,30727,6298,64124,105,73,66,73,75,72,81,68,82,69,75,51,77,74,75,80
[1741791621.920983] [AOA] Measurement: 0,1741791621.891497,78:9a:18:7c:fa:69,2,1,2,2,128,389,279,34,70,22,962,868,592,418,916,300,874,354,897,539,183,484,1013,190,921,709,73,800,984,929,154,812,92,219,880,152,9,81,80,78,83,70,75,51,72,77,68,79,75,80,74,79,75,66,71,62,69,70,66,75,61,80,65,71,47,72,71,71,76
[1741791622.002419] [AOA] Measurement: 0,1741791621.970286,78:9a:18:7c:fa:69,2,1,2,2,128,389,279,34,70,22,962,868,592,418,916,300,874,354,897,539,183,484,1013,190,921,709,73,800,984,929,154,812,92,219,880,152,9,65,42023,0,17218,64,12898,16,302,56584,20495,39535,279,9,30727,6298,64124,105,73,66,73,75,72,81,68,82,69,75,51,77,74,75,80
[1741791622.080915] [AOA] Measurement: 0,1741791622.051555,78:9a:18:7c:fa:69,2,1,2,2,128,389,279,34,70,22,962,868,592,418,916,300,874,354,897,539,183,484,1013,190,921,709,73,800,984,929,154,812,92,219,880,152,9,81,80,78,83,70,75,51,72,77,68,79,75,80,74,79,75,66,71,62,69,70,66,75,61,80,65,71,47,72,71,71,76
[1741791622.161912] [AOA] Measurement: 0,1741791622.131437,78:9a:18:7c:fa:69,2,1,2,2,128,389,279,34,70,22,962,868,592,418,916,300,874,354,897,539,183,484,1013,190,921,709,73,800,984,929,154,812,92,219,880,152,9,65,42023,0,17218,64,12898,16,302,56584,20495,39535,279,9,30727,6298,64124,105,73,66,73,75,72,81,68,82,69,75,51,77,74,75,80
[1741791622.231925] [AOA] Measurement: 0,1741791622.200297,78:9a:18:7c:fa:69,2,1,2,2,128,389,279,34,70,22,962,868,592,418,916,300,874,354,897,539,183,484,1013,190,921,709,73,800,984,929,154,812,92,219,880,152,9,65,42023,0,17218,64,12898,16,302,56584,20495,39535,279,9,30727,6298,64124,105,73,66,73,75,72,81,68,82,69,75,51,77,74,75,80
[1741791622.295845] [AOA] Measurement: 0,1741791622.270254,78:9a:18:7c:fa:69,2,1,2,2,128,389,279,34,70,22,962,868,592,418,916,300,874,354,897,539,183,484,1013,190,921,709,73,800,984,929,154,812,92,219,880,152,9,81,80,78,83,70,75,51,72,77,68,79,75,80,74,79,75,66,71,62,69,70,66,75,61,80,65,71,47,72,71,71,76
[1741791622.371874] [AOA] Measurement: 0,1741791622.340312,78:9a:18:7c:fa:69,2,1,2,2,128,389,279,34,70,22,962,868,592,418,916,300,874,354,897,539,183,484,1013,190,921,709,73,800,984,929,154,812,92,219,880,152,9,65,42023,0,17218,64,12898,16,302,56584,20495,39535,279,9,30727,6298,64124,105,73,66,73,75,72,81,68,82,69,75,51,77,74,75,80
[1741791622.451956] [AOA] Measurement: 0,1741791622.421529,78:9a:18:7c:fa:69,2,1,2,2,128,389,279,34,70,22,962,868,592,418,916,300,874,354,897,539,183,484,1013,190,921,709,73,800,984,929,154,812,92,219,880,152,9,65,42023,0,17218,64,12898,16,302,56584,20495,39535,279,9,30727,6298,64124,105,71,61,67,70,63,72,59,76,61,67,43,69,68,65,75
[1741791622.522017] [AOA] Measurement: 0,1741791622.490419,78:9a:18:7c:fa:69,2,1,2,2,128,389,279,34,70,22,962,868,592,418,916,300,874,354,897,539,183,484,1013,190,921,709,73,800,984,929,154,812,92,219,880,152,9,65,42023,0,17218,64,12898,16,302,56584,20495,39535,279,9,30727,6298,64124,105,73,66,73,75,72,81,68,82,69,75,51,77,74,75,80
[1741791622.608329] [AOA] Measurement: 0,1741791622.570187,78:9a:18:7c:fa:69,2,1,2,2,128,389,279,34,70,22,962,868,592,418,916,300,874,354,897,539,183,484,1013,190,921,709,73,800,984,929,154,812,92,219,880,152,9,65,42023,0,17218,64,12898,16,302,56584,20495,39535,279,9,30727,6298,64124,105,71,61,67,70,63,72,59,76,61,67,43,69,68,65,75
[1741791622.680651] [AOA] Measurement: 0,1741791622.650202,78:9a:18:7c:fa:69,2,1,2,2,128,389,279,34,70,22,962,868,592,418,916,300,874,354,897,539,183,484,1013,190,921,709,73,800,984,929,154,812,92,219,880,152,9,65,42023,0,17218,64,12898,16,302,56584,20495,39535,279,9,30727,6298,64124,105,73,66,73,75,72,81,68,82,69,75,51,77,74,75,80
[1741791622.750843] [AOA] Measurement: 0,1741791622.721611,78:9a:18:7c:fa:69,2,1,2,2,128,389,279,34,70,22,962,868,592,418,916,300,874,354,897,539,183,484,1013,190,921,709,73,800,984,929,154,812,92,219,880,152,9,81,80,78,83,70,75,51,72,77,68,79,75,80,74,79,75,66,71,62,69,70,66,75,61,80,65,71,47,72,71,71,76
[1741791622.823156] [AOA] Measurement: 0,1741791622.791560,78:9a:18:7c:fa:69,2,1,2,2,128,389,279,34,70,22,962,868,592,418,916,300,874,354,897,539,183,484,1013,190,921,709,73,800,984,929,154,812,92,219,880,152,9,65,42023,0,17218,64,12898,16,302,56584,20495,39535,279,9,30727,6298,64124,105,73,66,73,75,72,81,68,82,69,75,51,77,74,75,80
[1741791622.903199] [AOA] Measurement: 0,1741791622.871586,78:9a:18:7c:fa:69,2,1,2,2,128,389,279,34,70,22,962,868,592,418,916,300,874,354,897,539,183,484,1013,190,921,709,73,800,984,929,154,812,92,219,880,152,9,65,42023,0,17218,64,12898,16,302,56584,20495,39535,279,9,30727,6298,64124,105,73,66,73,75,72,81,68,82,69,75,51,77,74,75,80
[1741791622.980397] [AOA] Measurement: 0,1741791622.941500,78:9a:18:7c:fa:69,2,1,2,2,128,389,279,34,70,22,962,868,592,418,916,300,874,354,897,539,183,484,1013,190,921,709,73,800,984,929,154,812,92,219,880,152,9,81,80,78,83,70,75,51,72,77,68,79,75,80,74,79,75,66,71,62,69,70,66,75,61,80,65,71,47,72,71,71,76
[1741791623.053150] [AOA] Measurement: 0,1741791623.021504,78:9a:18:7c:fa:69,2,1,2,2,128,389,279,34,70,22,962,868,592,418,916,300,874,354,897,539,183,484,1013,190,921,709,73,800,984,929,154,812,92,219,880,152,9,65,42023,0,17218,64,12898,16,302,56584,20495,39535,279,9,30727,6298,64124,105,73,66,73,75,72,81,68,82,69,75,51,77,74,75,80
[1741791623.130767] [AOA] Measurement: 0,1741791623.101658,78:9a:18:7c:fa:69,2,1,2,2,128,389,279,34,70,22,962,868,592,418,916,300,874,354,897,539,183,484,1013,190,921,709,73,800,984,929,154,812,92,219,880,152,9,81,80,78,83,70,75,51,72,77,68,79,75,80,74,79,75,66,71,62,69,70,66,75,61,80,65,71,47,72,71,71,76
[1741791623.218354] [AOA] Measurement: 0,1741791623.180169,78:9a:18:7c:fa:69,2,1,2,2,128,389,279,34,70,22,962,868,592,418,916,300,874,354,897,539,183,484,1013,190,921,709,73,800,984,929,154,812,92,219,880,152,9,65,42023,0,17218,64,12898,16,302,56584,20495,39535,279,9,30727,6298,64124,105,73,66,73,75,72,81,68,82,69,75,51,77,74,75,80
[1741791623.286031] [AOA] Measurement: 0,1741791623.260230,78:9a:18:7c:fa:69,2,1,2,2,128,389,279,34,70,22,962,868,592,418,916,300,874,354,897,539,183,484,1013,190,921,709,73,800,984,929,154,812,92,219,880,152,9,81,80,78,83,70,75,51,72,77,68,79,75,80,74,79,75,66,71,62,69,70,66,75,61,80,65,71,47,72,71,71,76
[1741791623.382938] [AOA] Measurement: 0,1741791623.330272,78:9a:18:7c:fa:69,2,1,2,2,128,389,279,34,70,22,962,868,592,418,916,300,874,354,897,539,183,484,1013,190,921,709,73,800,984,929,154,812,92,219,880,152,9,65,42023,0,17218,64,12898,16,302,56584,20495,39535,279,9,30727,6298,64124,105,73,66,73,75,72,81,68,82,69,75,51,77,74,75,80
[1741791623.450494] [AOA] Measurement: 0,1741791623.421237,78:9a:18:7c:fa:69,2,1,2,2,128,389,279,34,70,22,962,868,592,418,916,300,874,354,897,539,183,484,1013,190,921,709,73,800,984,929,154,812,92,219,880,152,9,81,80,78,83,70,75,51,72,77,68,79,75,80,74,79,75,66,71,62,69,70,66,75,61,80,65,71,47,72,71,71,76
[1741791623.532173] [AOA] Measurement: 0,1741791623.500256,78:9a:18:7c:fa:69,2,1,2,2,128,389,279,34,70,22,962,868,592,418,916,300,874,354,897,539,183,484,1013,190,921,709,73,800,984,929,154,812,92,219,880,152,9,65,42023,0,17218,64,12898,16,302,56584,20495,39535,279,9,30727,6298,64124,105,73,66,73,75,72,81,68,82,69,75,51,77,74,75,80
[1741791623.610522] [AOA] Measurement: 0,1741791623.571558,78:9a:18:7c:fa:69,2,1,2,2,128,389,279,34,70,22,962,868,592,418,916,300,874,354,897,539,183,484,1013,190,921,709,73,800,984,929,154,812,92,219,880,152,9,81,80,78,83,70,75,51,72,77,68,79,75,80,74,79,75,66,71,62,69,70,66,75,61,80,65,71,47,72,71,71,76
[1741791623.680638] [AOA] Measurement: 0,1741791623.651521,78:9a:18:7c:fa:69,2,1,2,2,128,389,279,34,70,22,962,868,592,418,916,300,874,354,897,539,183,484,1013,190,921,709,73,800,984,929,154,812,92,219,880,152,9,81,80,78,83,70,75,51,72,77,68,79,75,80,74,79,75,66,71,62,69,70,66,75,61,80,65,71,47,72,71,71,76
[1741791623.750599] [AOA] Measurement: 0,1741791623.720199,78:9a:18:7c:fa:69,2,1,2,2,128,389,279,34,70,22,962,868,592,418,916,300,874,354,897,539,183,484,1013,190,921,709,73,800,984,929,154,812,92,219,880,152,9,65,42023,0,17218,64,12898,16,302,56584,20495,39535,279,9,30727,6298,64124,105,73,66,73,75,72,81,68,82,69,75,51,77,74,75,80
[1741791623.820773] [AOA] Measurement: 0,1741791623.791576,78:9a:18:7c:fa:69,2,1,2,2,128,389,279,34,70,22,962,868,592,418,916,300,874,354,897,539,183,484,1013,190,921,709,73,800,984,929,154,812,92,219,880,152,9,81,80,78,83,70,75,51,72,77,68,79,75,80,74,79,75,66,71,62,69,70,66,75,61,80,65,71,47,72,71,71,76
[1741791623.897900] [AOA] Measurement: 0,1741791623.870141,78:9a:18:7c:fa:69,2,1,2,2,128,389,279,34,70,22,962,868,592,418,916,300,874,354,897,539,183,484,1013,190,921,709,73,800,984,929,154,812,92,219,880,152,9,82,80,81,84,72,77,55,75,78,71,80,78,82,74,81,76,70,72,65,73,74,68,80,64,82,69,73,51,76,74,74,79
[1741791623.970954] [AOA] Measurement: 0,1741791623.941560,78:9a:18:7c:fa:69,2,1,2,2,128,389,279,34,70,22,962,868,592,418,916,300,874,354,897,539,183,484,1013,190,921,709,73,800,984,929,154,812,92,219,880,152,9,81,80,78,83,70,75,51,72,77,68,79,75,80,74,79,75,66,71,62,69,70,66,75,61,80,65,71,47,72,71,71,76
[1741791624.038120] [AOA] Measurement: 0,1741791624.010203,78:9a:18:7c:fa:69,2,1,2,2,128,389,279,34,70,22,962,868,592,418,916,300,874,354,897,539,183,484,1013,190,921,709,73,800,984,929,154,812,92,219,880,152,9,82,80,81,84,72,77,55,75,78,71,80,78,82,74,81,76,70,72,65,73,74,68,80,64,82,69,73,51,76,74,74,79
[1741791624.107184] [AOA] Measurement: 0,1741791624.080331,78:9a:18:7c:fa:69,2,1,2,2,128,389,279,34,70,22,962,868,592,418,916,300,874,354,897,539,183,484,1013,190,921,709,73,800,984,929,154,812,92,219,880,152,9,81,80,78,83,70,75,51,72,77,68,79,75,80,74,79,75,66,71,62,69,70,66,75,61,80,65,71,47,72,71,71,76
[1741791624.183394] [AOA] Measurement: 0,1741791624.151617,78:9a:18:7c:fa:69,2,1,2,2,128,389,279,34,70,22,962,868,592,418,916,300,874,354,897,539,183,484,1013,190,921,709,73,800,984,929,154,812,92,219,880,152,9,65,42023,0,17218,64,12898,16,302,56584,20495,39535,279,9,30727,6298,64124,105,73,66,73,75,72,81,68,82,69,75,51,77,74,75,80
[1741791624.262387] [AOA] Measurement: 0,1741791624.231551,78:9a:18:7c:fa:69,2,1,2,2,128,389,279,34,70,22,962,868,592,418,916,300,874,354,897,539,183,484,1013,190,921,709,73,800,984,929,154,812,92,219,880,152,9,81,80,78,83,70,75,51,72,77,68,79,75,80,74,79,75,66,71,62,69,70,66,75,61,80,65,71,47,72,71,71,76
[1741791624.332540] [AOA] Measurement: 0,1741791624.301506,78:9a:18:7c:fa:69,2,1,2,2,128,389,279,34,70,22,962,868,592,418,916,300,874,354,897,539,183,484,1013,190,921,709,73,800,984,929,154,812,92,219,880,152,9,65,42023,0,17218,64,12898,16,302,56584,20495,39535,279,9,30727,6298,64124,105,73,66,73,75,72,81,68,82,69,75,51,77,74,75,80
[1741791624.400624] [AOA] Measurement: 0,1741791624.371496,78:9a:18:7c:fa:69,2,1,2,2,128,389,279,34,70,22,962,868,592,418,916,300,874,354,897,539,183,484,1013,190,921,709,73,800,984,929,154,812,92,219,880,152,9,82,80,81,84,72,77,55,75,78,71,80,78,82,74,81,76,70,72,65,73,74,68,80,64,82,69,73,51,76,74,74,79
[1741791624.478064] [AOA] Measurement: 0,1741791624.450155,78:9a:18:7c:fa:69,2,1,2,2,128,389,279,34,70,22,962,868,592,418,916,300,874,354,897,539,183,484,1013,190,921,709,73,800,984,929,154,812,92,219,880,152,9,81,80,78,83,70,75,51,72,77,68,79,75,80,74,79,75,66,71,62,69,70,66,75,61,80,65,71,47,72,71,71,76
[1741791624.550313] [AOA] Measurement: 0,1741791624.521200,78:9a:18:7c:fa:69,2,1,2,2,128,389,279,34,70,22,962,868,592,418,916,300,874,354,897,539,183,484,1013,190,921,709,73,800,984,929,154,812,92,219,880,152,9,82,80,81,84,72,77,55,75,78,71,80,78,82,74,81,76,70,72,65,73,74,68,80,64,82,69,73,51,76,74,74,79
[1741791624.617802] [AOA] Measurement: 0,1741791624.590221,78:9a:18:7c:fa:69,2,1,2,2,128,389,279,34,70,22,962,868,592,418,916,300,874,354,897,539,183,484,1013,190,921,709,73,800,984,929,154,812,92,219,880,152,9,81,80,78,83,70,75,51,72,77,68,79,75,80,74,79,75,66,71,62,69,70,66,75,61,80,65,71,47,72,71,71,76
[1741791624.687196] [AOA] Measurement: 0,1741791624.660388,78:9a:18:7c:fa:69,2,1,2,2,128,389,279,34,70,22,962,868,592,418,916,300,874,354,897,539,183,484,1013,190,921,709,73,800,984,929,154,812,92,219,880,152,9,82,80,81,84,72,77,55,75,78,71,80,78,82,74,81,76,70,72,65,73,74,68,80,64,82,69,73,51,76,74,74,79
[1741791624.760826] [AOA] Measurement: 0,1741791624.731614,78:9a:18:7c:fa:69,2,1,2,2,128,389,279,34,70,22,962,868,592,418,916,300,874,354,897,539,183,484,1013,190,921,709,73,800,984,929,154,812,92,219,880,152,9,81,80,78,83,70,75,51,72,77,68,79,75,80,74,79,75,66,71,62,69,70,66,75,61,80,65,71,47,72,71,71,76
[1741791624.828047] [AOA] Measurement: 0,1741791624.800234,78:9a:18:7c:fa:69,2,1,2,2,128,389,279,34,70,22,962,868,592,418,916,300,874,354,897,539,183,484,1013,190,921,709,73,800,984,929,154,812,92,219,880,152,9,82,80,81,84,72,77,55,75,78,71,80,78,82,74,81,76,70,72,65,73,74,68,80,64,82,69,73,51,76,74,74,79
[1741791624.897262] [AOA] Measurement: 0,1741791624.870386,78:9a:18:7c:fa:69,2,1,2,2,128,389,279,34,70,22,962,868,592,418,916,300,874,354,897,539,183,484,1013,190,921,709,73,800,984,929,154,812,92,219,880,152,9,81,80,78,83,70,75,51,72,77,68,79,75,80,74,79,75,66,71,62,69,70,66,75,61,80,65,71,47,72,71,71,76
[1741791624.966063] [AOA] Measurement: 0,1741791624.940188,78:9a:18:7c:fa:69,2,1,2,2,128,389,279,34,70,22,962,868,592,418,916,300,874,354,897,539,183,484,1013,190,921,709,73,800,984,929,154,812,92,219,880,152,9,82,80,81,84,72,77,55,75,78,71,80,78,82,74,81,76,70,72,65,73,74,68,80,64,82,69,73,51,76,74,74,79
[1741791625.038206] [AOA] Measurement: 0,1741791625.010245,78:9a:18:7c:fa:69,2,1,2,2,128,389,279,34,70,22,962,868,592,418,916,300,874,354,897,539,183,484,1013,190,921,709,73,800,984,929,154,812,92,219,880,152,9,81,80,78,83,70,75,51,72,77,68,79,75,80,74,79,75,66,71,62,69,70,66,75,61,80,65,71,47,72,71,71,76
[1741791625.120163] [AOA] Measurement: 0,1741791625.091545,78:9a:18:7c:fa:69,2,1,2,2,128,389,279,34,70,22,962,868,592,418,916,300,874,354,897,539,183,484,1013,190,921,709,73,800,984,929,154,812,92,219,880,152,9,81,80,78,83,70,75,51,72,77,68,79,75,80,74,79,75,66,71,62,69,70,66,75,61,80,65,71,47,72,71,71,76
[1741791625.185981] [AOA] Measurement: 0,1741791625.163857,78:9a:18:7c:fa:69,2,1,2,2,128,389,279,34,70,22,962,868,592,418,916,300,874,354,897,539,183,484,1013,190,921,709,73,800,984,929,154,812,92,219,880,152,9,82,80,81,84,72,77,55,75,78,71,80,78,82,74,81,76,70,72,65,73,74,68,80,64,82,69,73,51,76,74,74,79
[1741791625.246219] [AOA] Measurement: 0,1741791625.220366,78:9a:18:7c:fa:69,2,1,2,2,128,389,279,34,70,22,962,868,592,418,916,300,874,354,897,539,183,484,1013,190,921,709,73,800,984,929,154,812,92,219,880,152,9,65,42023,0,17218,64,12898,16,302,56584,20495,39535,279,9,30727,6298,64124,105,71,61,67,70,63,72,59,76,61,67,43,69,68,65,75
[1741791625.302439] [AOA] Measurement: 0,1741791625.280258,78:9a:18:7c:fa:69,2,1,2,2,128,389,279,34,70,22,962,868,592,418,916,300,874,354,897,539,183,484,1013,190,921,709,73,800,984,929,154,812,92,219,880,152,9,82,80,81,84,72,77,55,75,78,71,80,78,82,74,81,76,70,72,65,73,74,68,80,64,82,69,73,51,76,74,74,79
[1741791625.364850] [AOA] Measurement: 0,1741791625.340300,78:9a:18:7c:fa:69,2,1,2,2,128,389,279,34,70,22,962,868,592,418,916,300,874,354,897,539,183,484,1013,190,921,709,73,800,984,929,154,812,92,219,880,152,9,65,42023,0,17218,64,12898,16,302,56584,20495,39535,279,9,30727,6298,64124,105,71,61,67,70,63,72,59,76,61,67,43,69,68,65,75
[1741791625.432506] [AOA] Measurement: 0,1741791625.410283,78:9a:18:7c:fa:69,2,1,2,2,128,389,279,34,70,22,962,868,592,418,916,300,874,354,897,539,183,484,1013,190,921,709,73,800,984,929,154,812,92,219,880,152,9,82,80,81,84,72,77,55,75,78,71,80,78,82,74,81,76,70,72,65,73,74,68,80,64,82,69,73,51,76,74,74,79
[1741791625.504042] [AOA] Measurement: 0,1741791625.471280,78:9a:18:7c:fa:69,2,1,2,2,128,389,279,34,70,22,962,868,592,418,916,300,874,354,897,539,183,484,1013,190,921,709,73,800,984,929,154,812,92,219,880,152,9,81,80,78,83,70,75,51,72,77,68,79,75,80,74,79,75,66,71,62,69,70,66,75,61,80,65,71,47,72,71,71,76
