[1741791635.782195] [AOA] Measurement: 0,1741791635.754506,18:fd:74:45:73:4e,2,1,1,0,128,665,824,255,693,403,823,926,373,447,908,326,900,261,845,636,209,836,996,469,800,449,915,581,958,853,85,966,51,78,765,516,297,72,71,73,67,73,63,57,40,68,66,71,68,62,65,51,53,65,66,52,58,60,56,67,41,65,57,59,33,59,53,50,54
[1741791635.854239] [AOA] Measurement: 0,1741791635.824499,18:fd:74:45:73:4e,2,1,1,0,128,676,827,233,656,357,839,395,562,31,109,871,85,818,16,207,454,815,943,412,785,508,980,574,965,946,157,969,61,152,785,208,976,74,73,74,67,74,66,62,45,66,65,70,70,63,63,50,51,66,69,56,57,58,55,67,43,64,54,56,30,58,56,54,53
[1741791635.920589] [AOA] Measurement: 0,1741791635.894418,18:fd:74:45:73:4e,2,1,1,0,128,689,830,242,677,388,820,906,414,22,100,857,50,824,1016,160,384,790,953,464,804,549,996,499,898,965,112,1008,67,99,766,681,375,93,87,92,82,92,82,72,48,86,81,87,86,77,79,61,67,80,85,69,71,75,69,85,51,83,69,77,42,76,69,66,72
[1741791635.992388] [AOA] Measurement: 0,1741791635.964429,18:fd:74:45:73:4e,2,1,1,0,128,206,5,792,855,956,4,379,532,29,90,903,62,846,1021,141,412,755,905,967,627,469,950,982,727,981,195,995,50,151,827,921,583,94,88,93,83,95,83,75,51,90,86,90,90,80,80,65,68,83,85,71,70,77,71,85,56,85,72,78,44,78,72,72,73
[1741791636.065443] [AOA] Measurement: 0,1741791636.035765,18:fd:74:45:73:4e,2,1,1,0,128,700,830,181,637,432,848,829,353,478,896,353,864,278,843,627,233,814,916,918,604,1003,794,1023,730,407,1012,1001,29,177,818,52,710,96,90,96,87,98,89,84,54,90,87,91,95,87,82,80,74,93,90,81,80,87,85,93,73,93,80,88,60,93,88,89,89
[1741791636.145567] [AOA] Measurement: 0,1741791636.115740,18:fd:74:45:73:4e,2,1,1,0,128,659,806,251,658,922,983,936,380,489,939,301,902,202,776,608,183,247,743,530,847,539,959,1002,795,392,964,404,834,679,622,113,967,95,88,94,85,96,87,80,50,91,88,92,91,84,83,74,73,88,88,75,76,84,77,87,66,89,77,82,55,84,80,82,82
[1741791636.210598] [AOA] Measurement: 0,1741791636.184386,18:fd:74:45:73:4e,2,1,1,0,128,617,774,240,666,398,813,449,605,1007,103,845,56,844,1,180,446,786,929,433,779,539,1002,520,911,947,182,3,40,640,619,852,675,91,88,94,81,93,82,78,51,90,87,93,92,82,83,72,75,88,90,78,76,83,78,89,63,93,75,84,53,81,81,79,78
[1741791636.297474] [AOA] Measurement: 0,1741791636.255663,18:fd:74:45:73:4e,2,1,1,0,128,669,828,781,869,859,971,854,348,16,95,895,78,813,1012,121,405,803,937,449,816,482,952,519,964,924,153,1001,53,128,813,263,995,96,89,96,84,99,86,80,51,92,89,92,93,86,83,78,76,91,89,77,78,86,82,92,67,93,80,88,59,90,87,88,89
[1741791636.363294] [AOA] Measurement: 0,1741791636.334368,18:fd:74:45:73:4e,2,1,1,0,128,193,1020,811,887,364,807,947,400,463,895,313,897,279,818,627,221,251,722,916,590,978,777,970,723,416,970,419,865,606,604,428,269,97,89,94,86,97,86,80,53,90,88,92,94,83,80,74,71,89,90,81,80,84,79,91,65,89,76,84,53,84,78,80,84
[1741791636.435847] [AOA] Measurement: 0,1741791636.405655,18:fd:74:45:73:4e,2,1,1,0,128,670,794,242,645,409,846,397,539,469,906,887,64,811,1006,610,215,798,928,475,777,561,1016,537,928,971,156,957,1009,631,648,494,268,90,89,93,81,94,82,77,51,89,83,88,89,79,81,68,68,82,86,72,74,79,72,86,57,85,72,78,48,80,73,69,74
[1741791636.515273] [AOA] Measurement: 0,1741791636.485729,18:fd:74:45:73:4e,2,1,1,0,128,634,793,233,659,369,825,428,588,7,115,315,903,829,1023,644,236,857,1007,419,762,489,955,548,919,957,190,911,7,173,815,465,214,92,88,92,82,94,80,73,52,88,83,87,88,79,79,68,66,80,83,67,69,76,69,84,55,83,69,74,43,75,70,69,70
[1741791636.594488] [AOA] Measurement: 0,1741791636.555608,18:fd:74:45:73:4e,2,1,1,0,128,221,27,735,810,967,1005,433,558,997,74,842,32,293,867,627,232,796,931,437,787,1012,781,553,937,988,194,970,34,134,785,987,789,94,89,93,85,94,87,80,51,90,88,91,90,84,81,73,73,91,88,78,78,85,77,91,65,91,78,86,54,88,82,82,84
[1741791636.668209] [AOA] Measurement: 0,1741791636.638208,18:fd:74:45:73:4e,2,1,1,0,128,623,792,185,665,359,817,832,326,474,954,885,87,818,1019,120,408,236,731,467,805,467,959,471,887,416,1020,441,903,135,809,280,22,93,89,95,85,96,84,78,52,89,87,91,90,82,82,69,72,88,89,78,78,81,77,89,63,92,77,83,52,84,79,79,78
[1741791636.731993] [AOA] Measurement: 0,1741791636.704371,18:fd:74:45:73:4e,2,1,1,0,128,723,848,243,686,370,791,852,364,1023,90,814,8,301,859,169,438,773,876,926,611,4,807,553,948,932,150,463,897,152,849,78,831,94,88,94,85,96,85,78,51,90,87,92,91,83,83,72,73,90,90,78,76,82,78,89,64,88,75,84,52,83,81,79,82
[1741791636.803953] [AOA] Measurement: 0,1741791636.774535,18:fd:74:45:73:4e,2,1,1,0,128,709,856,751,843,371,820,908,442,450,909,893,63,842,1,597,229,287,780,434,800,500,976,555,957,970,198,1020,46,189,864,29,722,94,89,94,81,95,81,77,53,88,85,90,92,82,81,69,69,85,88,75,75,80,74,87,58,86,71,78,46,79,73,71,72
[1741791636.870566] [AOA] Measurement: 0,1741791636.844360,18:fd:74:45:73:4e,2,1,1,0,128,249,13,196,661,346,789,421,547,31,114,838,40,261,833,203,417,244,737,920,587,999,808,530,929,936,167,385,837,172,792,740,512,68,68,70,63,73,58,51,40,66,61,68,63,55,62,42,45,60,62,46,52,51,46,61,34,58,51,54,24,55,50,46,50
[1741791636.944004] [AOA] Measurement: 0,1741791636.914416,18:fd:74:45:73:4e,2,1,1,0,128,162,1012,771,881,892,1015,385,524,36,89,302,880,288,822,197,443,756,918,432,795,1004,763,32,780,403,962,394,853,593,591,954,755,91,87,95,83,95,82,74,53,88,83,89,88,79,82,68,67,83,88,73,75,80,73,85,59,87,70,77,43,76,74,72,70
[1741791637.022222] [AOA] Measurement: 0,1741791636.994425,18:fd:74:45:73:4e,2,1,1,0,128,169,1004,801,866,928,23,369,533,450,904,315,886,283,844,651,253,797,933,485,829,573,995,569,969,961,183,949,0,172,845,731,381,91,89,91,82,90,80,74,51,85,83,90,86,76,79,63,64,78,82,67,69,74,67,82,49,79,64,70,36,72,64,61,66
[1741791637.092280] [AOA] Measurement: 0,1741791637.064338,18:fd:74:45:73:4e,2,1,1,0,128,716,852,226,701,896,1,859,372,3,119,239,819,809,10,636,222,249,754,937,604,543,989,551,960,940,142,991,30,165,807,491,193,69,68,71,61,71,59,53,39,67,64,68,67,59,62,47,48,62,66,49,53,55,50,63,37,62,51,54,27,53,51,48,49
[1741791637.165626] [AOA] Measurement: 0,1741791637.135758,18:fd:74:45:73:4e,2,1,1,0,128,135,997,812,865,889,998,839,364,1019,85,301,849,326,833,160,409,779,927,889,565,959,740,4,777,966,150,975,40,146,806,113,819,93,89,95,85,97,87,79,52,88,86,88,89,79,82,67,69,85,87,72,73,79,75,89,57,84,73,80,44,79,74,74,75
[1741791637.232837] [AOA] Measurement: 0,1741791637.204522,18:fd:74:45:73:4e,2,1,1,0,128,642,793,265,679,434,862,423,557,433,903,332,894,258,790,612,219,242,731,942,598,976,781,986,725,383,964,456,878,575,552,808,695,73,70,74,64,73,63,58,39,67,63,66,64,54,61,44,46,60,64,48,52,53,48,60,36,59,47,52,24,51,47,42,47
[1741791637.303828] [AOA] Measurement: 0,1741791637.274389,18:fd:74:45:73:4e,2,1,1,0,128,639,832,807,851,879,997,321,490,978,32,271,836,252,797,619,184,222,717,939,597,20,825,1011,739,464,1017,989,47,154,836,802,499,74,72,76,67,77,65,60,42,70,67,72,68,62,66,50,51,63,67,53,54,54,52,64,38,64,52,57,29,54,50,47,51
[1741791637.371191] [AOA] Measurement: 0,1741791637.344333,18:fd:74:45:73:4e,2,1,1,0,128,689,833,255,688,901,998,407,572,1010,74,877,63,847,1020,149,418,789,909,911,579,537,987,526,933,382,967,395,822,609,614,908,750,93,90,94,83,94,81,76,52,88,84,90,89,80,80,66,68,84,87,73,73,78,73,88,57,88,73,79,46,78,70,70,72
[1741791637.451825] [AOA] Measurement: 0,1741791637.415578,18:fd:74:45:73:4e,2,1,1,0,128,690,829,247,660,391,829,906,388,15,101,890,39,793,990,600,180,840,966,452,777,536,977,525,897,929,163,986,33,130,774,330,46,91,87,93,83,95,83,76,53,89,85,90,87,80,80,68,68,85,88,75,75,79,75,88,62,89,75,79,51,82,76,75,77
[1741791637.522279] [AOA] Measurement: 0,1741791637.494383,18:fd:74:45:73:4e,2,1,1,0,128,718,856,797,864,940,979,863,337,493,932,803,10,316,828,173,424,199,718,919,585,1016,829,565,941,977,182,945,50,159,820,685,352,75,73,75,69,77,67,63,42,72,70,72,74,66,66,57,58,70,70,60,62,65,62,73,49,72,59,65,40,65,61,61,62
[1741791637.594489] [AOA] Measurement: 0,1741791637.564598,18:fd:74:45:73:4e,2,1,1,0,128,632,777,257,705,353,780,887,373,506,927,293,822,312,828,116,369,178,694,924,595,1007,796,566,954,908,125,430,866,164,804,6,716,73,70,73,65,75,64,60,41,70,67,71,68,61,64,50,53,67,67,54,56,60,54,67,43,66,54,60,29,57,55,51,55
[1741791637.660576] [AOA] Measurement: 0,1741791637.634423,18:fd:74:45:73:4e,2,1,1,0,128,620,765,213,650,381,800,391,554,33,111,900,56,732,983,680,248,862,989,886,595,970,756,958,701,362,947,468,850,586,598,355,202,93,89,93,84,96,85,79,51,90,87,90,92,83,81,74,72,88,88,77,77,84,76,89,63,90,78,84,52,84,81,81,83
[1741791637.733902] [AOA] Measurement: 0,1741791637.704625,18:fd:74:45:73:4e,2,1,1,0,128,184,979,779,838,384,809,864,330,471,950,852,40,278,830,156,406,263,765,474,806,963,761,535,925,442,20,410,844,664,632,257,20,74,68,74,63,73,62,57,40,69,64,69,68,60,64,49,49,65,68,53,56,59,53,66,39,64,54,58,31,59,53,51,53
[1741791637.825288] [AOA] Measurement: 0,1741791637.795779,18:fd:74:45:73:4e,2,1,1,0,128,663,801,262,679,961,31,365,562,16,99,850,29,826,992,229,457,701,891,449,782,519,963,994,744,949,181,420,875,146,807,765,548,75,72,74,66,74,65,59,41,69,68,71,70,63,63,49,53,66,67,53,56,58,53,67,38,62,52,55,27,54,53,49,52
[1741791637.905184] [AOA] Measurement: 0,1741791637.875759,18:fd:74:45:73:4e,2,1,1,0,128,223,1012,783,864,944,6,379,585,1017,90,905,55,262,791,197,414,797,906,874,586,949,775,1008,724,391,982,378,856,170,829,589,263,93,89,93,83,97,84,78,52,88,87,92,91,82,81,70,71,88,89,76,78,84,79,91,63,90,79,85,54,85,81,80,81
[1741791637.984294] [AOA] Measurement: 0,1741791637.954554,18:fd:74:45:73:4e,2,1,1,0,128,685,855,230,647,373,804,831,328,476,906,332,858,276,862,623,223,222,708,896,570,5,799,536,962,384,989,395,827,626,617,418,199,70,68,71,62,70,57,53,40,64,61,67,62,55,62,42,43,57,62,46,50,50,47,60,30,57,48,51,20,48,46,41,44
[1741791638.051801] [AOA] Measurement: 0,1741791638.025838,18:fd:74:45:73:4e,2,1,1,0,128,632,798,260,679,907,1008,390,557,4,94,859,26,809,1007,127,385,193,702,873,574,966,776,988,730,388,1001,944,43,627,602,872,591,94,90,95,83,96,84,77,52,90,84,91,90,83,84,69,70,86,89,75,77,82,75,88,60,85,73,79,46,81,74,73,76
[1741791638.123228] [AOA] Measurement: 0,1741791638.094350,18:fd:74:45:73:4e,2,1,1,0,128,176,1007,843,893,960,7,479,579,979,83,326,876,819,1005,159,399,755,931,448,822,542,10,532,905,861,91,963,36,208,813,720,470,93,88,93,83,95,82,75,51,86,83,86,89,78,79,64,68,84,84,69,72,76,70,86,55,83,70,76,41,72,71,67,71
[1741791638.193821] [AOA] Measurement: 0,1741791638.164410,18:fd:74:45:73:4e,2,1,1,0,128,693,880,806,874,376,818,893,370,11,78,318,885,256,785,702,239,235,752,949,635,477,914,482,864,970,152,995,24,180,847,344,84,92,89,93,84,95,85,79,51,91,87,93,92,83,81,71,73,90,89,80,79,83,79,91,68,91,80,86,58,89,85,86,85
[1741791638.260795] [AOA] Measurement: 0,1741791638.234377,18:fd:74:45:73:4e,2,1,1,0,128,201,1018,732,791,373,822,438,577,7,78,312,877,304,861,165,437,855,972,429,827,501,974,9,734,377,1018,979,69,211,838,881,492,94,88,94,84,94,84,76,51,88,85,91,90,82,82,71,71,86,88,76,77,81,77,90,62,90,75,81,49,84,80,78,77
[1741791638.334427] [AOA] Measurement: 0,1741791638.305628,18:fd:74:45:73:4e,2,1,1,0,128,211,13,827,875,930,978,459,631,1,109,884,50,822,16,200,451,853,966,499,830,572,39,544,954,956,169,900,27,171,845,318,3,92,88,93,85,94,82,78,53,88,85,89,88,80,82,68,70,86,88,73,76,79,73,86,58,84,73,81,44,78,74,71,71
[1741791638.424849] [AOA] Measurement: 0,1741791638.395640,18:fd:74:45:73:4e,2,1,1,0,128,663,828,775,866,967,2,833,337,524,972,841,2,857,0,217,456,772,925,420,785,502,994,540,905,933,157,926,6,147,805,880,596,72,70,72,65,73,63,58,42,71,65,72,68,59,64,49,52,66,68,56,57,60,57,68,42,68,56,60,33,59,55,54,54
[1741791638.492629] [AOA] Measurement: 0,1741791638.464357,18:fd:74:45:73:4e,2,1,1,0,128,188,990,789,851,288,770,884,355,448,909,318,888,845,23,155,430,801,926,459,819,473,952,543,910,944,165,976,56,156,804,20,754,93,90,93,85,93,84,78,51,90,87,90,89,84,81,71,72,88,88,75,75,82,74,90,60,90,75,82,49,84,78,79,78
[1741791638.563990] [AOA] Measurement: 0,1741791638.534445,18:fd:74:45:73:4e,2,1,1,0,128,644,793,212,646,392,816,904,371,486,918,286,869,286,787,597,208,232,756,975,652,538,971,520,951,946,148,993,32,177,826,913,674,95,89,94,85,97,86,78,52,87,84,90,89,80,81,69,70,84,89,75,74,79,76,89,62,90,75,81,50,82,79,77,78
[1741791638.658088] [AOA] Measurement: 0,1741791638.615791,18:fd:74:45:73:4e,2,1,1,0,128,657,844,845,886,910,959,400,548,500,938,906,48,261,830,187,442,789,905,391,749,940,752,11,748,381,975,423,900,188,841,100,802,93,89,94,84,95,86,81,51,89,88,92,94,85,82,77,76,92,90,81,80,86,79,92,69,92,80,87,58,90,85,86,89
[1741791638.735186] [AOA] Measurement: 0,1741791638.705646,18:fd:74:45:73:4e,2,1,1,0,128,677,803,237,643,408,817,868,365,508,956,305,869,825,13,158,414,758,897,949,613,1021,802,578,976,402,998,422,864,614,610,452,212,74,70,74,68,76,66,60,42,71,68,71,71,66,66,56,56,69,70,60,61,65,62,72,48,69,60,65,39,66,61,61,63
[1741791638.818071] [AOA] Measurement: 0,1741791638.788578,18:fd:74:45:73:4e,2,1,1,0,128,189,1021,814,858,930,3,413,586,997,70,314,868,251,816,166,436,791,952,400,774,993,795,546,919,943,137,1010,69,113,777,490,177,73,69,73,65,75,62,56,40,69,63,69,66,58,62,46,50,62,67,52,55,55,51,63,37,60,52,55,27,56,52,48,51
[1741791638.892818] [AOA] Measurement: 0,1741791638.864352,18:fd:74:45:73:4e,2,1,1,0,128,295,58,812,864,960,1022,348,519,0,133,824,31,809,1006,634,235,779,912,913,616,516,985,589,953,965,174,1000,62,117,771,696,459,74,72,76,67,77,67,61,42,70,68,73,72,64,64,52,53,66,68,57,57,60,57,68,44,67,55,59,32,59,58,54,57
[1741791638.964979] [AOA] Measurement: 0,1741791638.935308,18:fd:74:45:73:4e,2,1,1,0,128,196,988,249,665,396,862,391,529,29,108,842,33,816,1017,628,219,769,907,947,621,590,17,483,877,993,187,1018,89,87,773,152,924,93,87,92,82,93,80,74,50,87,83,90,88,78,81,68,68,87,89,75,78,82,76,90,60,88,75,81,48,82,75,73,75
[1741791639.043903] [AOA] Measurement: 0,1741791639.014500,18:fd:74:45:73:4e,2,1,1,0,128,702,843,256,657,371,787,458,581,22,78,825,31,821,1020,212,422,763,904,444,794,474,951,525,935,378,969,979,19,109,812,809,579,94,88,95,84,97,83,77,53,89,86,90,91,83,82,68,71,87,88,76,75,79,77,89,60,88,74,80,48,82,77,78,77
[1741791639.110726] [AOA] Measurement: 0,1741791639.084359,18:fd:74:45:73:4e,2,1,1,0,128,674,820,219,659,427,824,335,514,452,919,311,886,247,811,687,235,239,725,448,835,511,956,559,949,394,987,985,52,160,811,596,353,92,85,93,83,95,84,75,52,88,85,88,87,80,81,69,70,85,89,74,75,80,73,88,59,87,72,80,46,79,77,74,76
[1741791639.197703] [AOA] Measurement: 0,1741791639.155599,18:fd:74:45:73:4e,2,1,1,0,128,706,866,230,678,374,815,914,347,468,926,865,17,855,17,153,434,825,905,437,810,493,964,531,931,377,981,445,893,146,806,564,216,74,72,75,67,76,65,59,42,71,67,72,71,63,64,50,54,66,68,58,58,60,57,68,43,66,57,62,32,60,54,51,56
[1741791639.263110] [AOA] Measurement: 0,1741791639.234456,18:fd:74:45:73:4e,2,1,1,0,128,698,833,228,677,392,821,864,345,395,879,264,838,243,811,631,213,229,731,887,554,1022,803,20,748,409,1011,412,851,133,804,774,602,91,87,95,83,97,86,80,51,91,89,91,93,86,81,76,74,90,90,79,80,85,81,92,68,93,80,87,58,90,87,86,87
[1741791639.335252] [AOA] Measurement: 0,1741791639.305686,18:fd:74:45:73:4e,2,1,1,0,128,662,816,231,650,426,829,846,350,514,929,848,29,277,836,637,207,805,956,478,809,514,977,493,918,382,947,447,863,148,781,579,357,93,87,93,84,93,82,76,51,87,84,89,85,78,79,65,67,83,84,67,73,74,66,84,53,81,69,75,40,75,72,69,68
[1741791639.414934] [AOA] Measurement: 0,1741791639.375583,18:fd:74:45:73:4e,2,1,1,0,128,619,767,230,664,413,817,879,363,1010,51,860,59,816,5,622,242,267,751,958,633,1001,774,1008,735,382,973,403,862,661,643,49,869,95,88,94,82,93,84,75,50,88,85,92,92,83,81,70,71,88,89,77,77,82,78,92,62,91,76,83,52,83,77,76,79
[1741791639.485041] [AOA] Measurement: 0,1741791639.455694,18:fd:74:45:73:4e,2,1,1,0,128,218,17,747,891,917,985,380,546,10,109,837,25,812,1003,182,416,784,882,876,609,605,19,515,942,948,167,1012,41,101,790,694,494,74,70,75,66,74,64,58,41,71,67,70,70,63,64,52,53,67,70,56,59,62,56,68,43,68,56,61,32,60,58,56,60
[1741791639.552359] [AOA] Measurement: 0,1741791639.524434,18:fd:74:45:73:4e,2,1,1,0,128,580,772,262,647,367,830,406,519,449,900,853,52,251,833,145,387,203,733,941,606,1014,795,5,741,958,147,997,42,143,759,689,472,94,88,94,85,96,86,80,52,91,86,93,92,84,84,72,74,89,91,80,79,86,79,91,67,91,78,85,52,87,80,81,83
[1741791639.624280] [AOA] Measurement: 0,1741791639.594509,18:fd:74:45:73:4e,2,1,1,0,128,662,813,286,681,893,989,892,395,1012,73,879,64,820,1018,165,418,786,930,902,628,541,987,988,722,926,160,964,30,170,851,788,530,73,70,73,63,74,62,56,39,67,63,69,64,58,62,46,48,59,65,50,52,52,48,60,33,56,47,50,18,46,43,41,42
[1741791639.690595] [AOA] Measurement: 0,1741791639.664386,18:fd:74:45:73:4e,2,1,1,0,128,682,839,254,681,366,779,875,369,469,893,314,869,320,875,180,467,774,930,447,802,517,974,554,932,940,132,971,20,613,603,6,801,92,88,93,82,95,83,77,51,89,85,91,88,82,82,67,70,87,85,73,74,79,75,89,59,89,73,80,47,82,77,76,74
[1741791639.764793] [AOA] Measurement: 0,1741791639.735608,18:fd:74:45:73:4e,2,1,1,0,128,674,832,266,679,919,998,371,529,55,122,851,11,879,46,185,441,832,950,424,767,971,782,971,726,449,1,983,59,141,790,178,975,73,69,72,66,72,63,59,41,71,67,72,69,62,63,50,53,65,67,54,58,60,57,69,43,67,55,59,32,59,56,53,55
[1741791639.856099] [AOA] Measurement: 0,1741791639.825592,18:fd:74:45:73:4e,2,1,1,0,128,650,824,241,639,380,817,839,326,29,107,861,35,826,1018,591,217,787,916,497,853,533,958,528,940,990,157,1005,59,109,789,349,9,74,72,75,67,78,67,61,41,71,68,72,71,65,66,54,55,68,71,59,61,66,59,70,48,70,60,66,38,66,60,57,60
[1741791639.923443] [AOA] Measurement: 0,1741791639.894390,18:fd:74:45:73:4e,2,1,1,0,128,659,777,179,619,332,785,896,378,463,913,353,885,269,828,595,165,273,755,912,588,1010,769,934,679,436,963,415,857,602,583,503,347,72,70,74,65,73,62,58,40,67,64,69,65,60,62,48,51,65,66,53,55,58,52,65,38,63,52,56,29,56,50,48,51
[1741791639.994966] [AOA] Measurement: 0,1741791639.965789,18:fd:74:45:73:4e,2,1,1,0,128,249,23,882,932,981,27,411,589,4,113,875,60,823,1011,209,443,802,954,523,840,536,996,581,961,9,236,1001,84,236,874,106,760,73,69,73,64,72,63,57,41,68,66,70,68,62,63,48,52,64,66,52,55,58,51,65,39,62,53,58,28,54,53,49,48
[1741791640.062324] [AOA] Measurement: 0,1741791640.034372,18:fd:74:45:73:4e,2,1,1,0,128,678,802,239,687,339,789,873,384,440,911,878,58,797,995,631,218,215,704,961,628,920,748,1000,729,378,987,394,839,143,807,18,840,75,71,76,67,77,67,62,41,71,68,71,72,66,66,55,58,69,72,61,62,65,61,72,50,72,62,68,40,69,64,65,66
[1741791640.134119] [AOA] Measurement: 0,1741791640.104496,18:fd:74:45:73:4e,2,1,1,0,128,663,819,240,649,363,777,847,341,538,976,834,17,233,810,699,251,222,715,893,572,0,831,496,920,404,977,990,22,154,823,186,878,74,73,75,68,76,65,59,40,70,67,72,71,65,66,52,56,68,69,58,59,61,58,70,47,70,57,65,36,62,61,58,63
[1741791640.200497] [AOA] Measurement: 0,1741791640.174392,18:fd:74:45:73:4e,2,1,1,0,128,666,825,242,640,324,775,842,333,488,927,330,843,255,821,631,225,192,707,981,666,975,766,23,772,390,966,413,833,660,603,181,0,93,88,95,84,94,83,76,52,90,83,90,88,80,81,69,69,84,89,73,74,80,75,88,61,87,74,79,49,82,78,76,77
[1741791640.273951] [AOA] Measurement: 0,1741791640.245674,18:fd:74:45:73:4e,2,1,1,0,128,701,808,246,693,331,761,892,364,466,932,861,11,280,854,672,208,260,751,890,557,964,768,1016,792,377,1000,923,20,595,595,78,885,75,72,75,66,76,66,62,41,72,68,72,70,64,66,52,53,66,69,57,59,63,58,70,45,69,58,63,37,63,57,58,59
[1741791640.345647] [AOA] Measurement: 0,1741791640.315629,18:fd:74:45:73:4e,2,1,1,0,128,623,804,269,659,389,829,870,378,460,918,297,854,275,841,177,416,164,700,426,769,552,997,1020,754,933,142,393,838,631,608,714,499,76,72,76,67,76,66,60,42,71,68,72,70,64,64,52,54,68,69,58,60,64,58,70,42,66,57,62,34,62,56,55,57
[1741791640.425432] [AOA] Measurement: 0,1741791640.395590,18:fd:74:45:73:4e,2,1,1,0,128,641,791,271,672,401,824,811,301,573,1001,809,25,860,15,111,396,262,753,905,569,23,813,28,766,399,1023,935,20,643,676,739,487,92,88,93,84,95,81,77,51,86,85,90,86,79,80,65,68,83,86,71,73,76,70,85,53,84,68,75,41,77,70,68,72
[1741791640.504675] [AOA] Measurement: 0,1741791640.465645,18:fd:74:45:73:4e,2,1,1,0,128,682,832,242,667,384,844,401,563,470,926,278,862,295,826,219,464,767,926,404,769,522,997,509,909,902,110,391,832,693,669,181,1010,68,67,71,62,70,61,54,39,66,62,67,63,57,62,43,48,57,65,49,53,55,50,63,37,62,50,54,26,53,49,44,49
[1741791640.575449] [AOA] Measurement: 0,1741791640.545670,18:fd:74:45:73:4e,2,1,1,0,128,719,833,269,676,355,832,834,298,479,915,373,914,820,1017,184,405,825,950,434,767,948,742,1000,713,380,951,467,888,631,607,238,6,93,90,92,85,94,81,74,52,86,84,90,87,79,80,66,68,81,83,69,72,75,72,85,55,86,70,77,44,78,72,69,72
[1741791640.653550] [AOA] Measurement: 0,1741791640.624561,18:fd:74:45:73:4e,2,1,1,0,128,672,812,246,683,950,993,390,561,1012,73,871,55,848,21,607,176,836,990,435,760,987,801,6,714,970,148,950,3,170,819,25,798,94,88,94,85,95,86,80,52,89,88,91,92,82,83,74,73,89,91,79,78,83,79,91,66,89,77,85,53,84,81,82,82
[1741791640.734126] [AOA] Measurement: 0,1741791640.704495,18:fd:74:45:73:4e,2,1,1,0,128,678,839,254,694,905,1000,887,369,1016,80,881,77,839,17,200,441,790,919,450,795,566,1023,496,932,935,122,1003,37,128,791,519,307,71,68,73,63,71,61,57,39,64,61,67,64,57,61,43,46,59,64,47,51,51,48,62,35,60,49,51,23,52,46,42,47
[1741791640.812681] [AOA] Measurement: 0,1741791640.784578,18:fd:74:45:73:4e,2,1,1,0,128,222,22,774,866,928,9,422,548,993,87,854,27,878,50,165,441,186,692,953,655,520,1007,525,906,971,169,981,79,158,834,538,272,88,88,91,82,93,80,74,53,86,84,89,85,77,81,63,65,80,85,69,69,75,70,84,56,84,69,74,42,76,70,64,67
[1741791640.884996] [AOA] Measurement: 0,1741791640.854438,18:fd:74:45:73:4e,2,1,1,0,128,690,816,789,863,874,983,811,318,525,959,285,887,311,855,181,439,790,933,486,829,446,954,579,960,929,157,941,13,157,800,479,225,72,68,73,65,73,60,55,39,68,63,68,66,57,60,42,47,59,61,45,52,54,46,61,34,59,48,51,22,49,45,40,44
[1741791640.950502] [AOA] Measurement: 0,1741791640.924310,18:fd:74:45:73:4e,2,1,1,0,128,669,809,282,713,387,848,338,531,1013,62,860,33,785,1014,190,437,817,953,426,796,505,978,533,891,957,167,994,60,136,804,573,194,72,69,72,64,71,62,57,40,67,64,67,65,59,63,45,49,61,65,50,53,56,49,62,37,61,50,52,24,53,47,42,48
[1741791641.022684] [AOA] Measurement: 0,1741791640.994383,18:fd:74:45:73:4e,2,1,1,0,128,218,10,805,887,929,17,442,627,46,136,917,59,844,31,192,459,790,936,470,842,511,969,598,946,971,169,986,93,178,843,467,53,74,72,76,68,78,67,63,42,72,69,71,72,64,64,53,53,68,70,58,59,61,58,69,45,69,56,62,35,62,60,58,56
[1741791641.095129] [AOA] Measurement: 0,1741791641.065614,18:fd:74:45:73:4e,2,1,1,0,128,632,796,295,689,439,838,378,546,7,91,837,35,310,846,191,461,803,929,461,789,494,959,561,937,900,108,395,843,664,655,189,957,95,90,95,85,96,86,79,52,90,86,91,92,83,81,69,70,89,89,77,76,81,77,89,62,89,75,80,51,84,80,78,78
[1741791641.175417] [AOA] Measurement: 0,1741791641.145726,18:fd:74:45:73:4e,2,1,1,0,128,647,822,185,638,445,852,799,313,495,910,333,861,840,12,625,217,788,935,406,729,964,778,991,705,368,951,429,868,623,610,324,191,95,90,95,86,97,86,79,53,90,87,93,92,82,81,70,72,88,89,78,76,83,79,90,66,91,77,84,53,83,80,78,82
[1741791641.255524] [AOA] Measurement: 0,1741791641.225717,18:fd:74:45:73:4e,2,1,1,0,128,684,824,815,864,914,1023,384,549,23,96,329,873,319,856,665,240,806,931,457,807,516,962,533,910,360,974,388,836,609,577,196,49,92,84,92,83,93,82,75,50,89,85,91,90,80,82,69,68,86,89,75,75,76,74,89,57,88,71,79,45,78,74,70,76
[1741791641.320419] [AOA] Measurement: 0,1741791641.294345,18:fd:74:45:73:4e,2,1,1,0,128,697,822,277,693,933,1010,879,334,504,941,828,25,225,789,632,205,245,748,903,575,971,775,958,736,362,946,344,819,566,553,65,980,68,66,70,61,70,60,55,37,66,63,66,66,59,63,46,48,59,61,42,50,55,46,60,36,59,51,53,26,51,49,46,46
[1741791641.407803] [AOA] Measurement: 0,1741791641.365721,18:fd:74:45:73:4e,2,1,1,0,128,672,852,787,872,382,849,838,340,554,980,854,37,813,19,108,370,818,939,447,773,453,963,519,935,378,1012,435,891,176,813,348,126,73,70,75,65,76,65,60,40,72,70,73,70,63,64,53,56,63,69,54,53,57,54,67,39,68,56,61,33,60,56,53,56
[1741791641.472982] [AOA] Measurement: 0,1741791641.444376,18:fd:74:45:73:4e,2,1,1,0,128,231,41,762,877,931,1014,412,594,974,56,909,93,827,1022,190,427,801,949,460,818,517,965,502,945,967,171,955,22,169,828,488,271,71,68,72,65,74,59,56,42,64,61,65,64,57,61,43,46,61,62,47,54,55,50,61,36,55,48,47,22,47,44,40,42
[1741791641.544812] [AOA] Measurement: 0,1741791641.515618,18:fd:74:45:73:4e,2,1,1,0,128,688,871,794,851,962,14,374,562,30,120,838,34,812,32,140,437,782,923,956,593,515,988,474,883,382,967,952,28,144,803,591,344,92,91,94,84,95,82,76,54,89,85,92,89,79,81,67,70,86,90,81,77,80,74,90,59,89,74,84,46,80,78,76,81
[1741791641.624319] [AOA] Measurement: 0,1741791641.594460,18:fd:74:45:73:4e,2,1,1,0,128,607,779,241,641,346,820,894,379,496,908,359,901,826,1006,638,202,281,778,485,832,969,779,1006,741,355,973,461,867,638,614,330,165,71,68,73,65,74,62,57,41,64,63,67,65,58,62,46,45,60,62,47,54,57,53,64,38,56,49,49,23,49,47,43,43
[1741791641.704170] [AOA] Measurement: 0,1741791641.674353,18:fd:74:45:73:4e,2,1,1,0,128,742,851,198,651,395,798,838,356,489,921,294,850,235,818,629,230,792,915,931,597,962,779,990,684,350,919,414,831,640,626,583,365,72,70,71,65,75,65,59,42,66,62,67,68,60,62,46,49,65,64,48,57,58,51,64,43,59,51,51,28,53,48,47,49
[1741791641.786451] [AOA] Measurement: 0,1741791641.758196,18:fd:74:45:73:4e,2,1,1,0,128,212,4,198,675,343,820,399,540,25,129,863,30,790,1010,640,226,803,943,927,617,976,784,549,941,947,162,980,51,217,857,959,657,93,88,93,81,93,83,75,51,89,87,89,90,81,82,68,71,82,89,73,74,78,72,85,55,88,73,79,47,78,74,72,75
[1741791641.853980] [AOA] Measurement: 0,1741791641.824555,18:fd:74:45:73:4e,2,1,1,0,128,623,789,206,665,435,869,432,551,454,907,921,84,796,1006,198,459,786,928,407,785,454,924,16,727,985,178,1023,49,225,861,117,786,89,83,87,79,92,79,73,47,87,83,87,85,77,80,63,65,77,79,57,64,68,60,76,46,75,61,63,33,65,60,55,58
[1741791641.933978] [AOA] Measurement: 0,1741791641.904375,18:fd:74:45:73:4e,2,1,1,0,128,670,842,220,663,353,795,891,343,538,974,833,6,309,850,179,438,762,916,910,559,967,752,1001,711,402,978,458,870,622,613,275,986,75,72,76,67,74,64,58,43,70,64,68,67,57,62,45,49,62,67,52,55,57,52,64,40,62,51,56,27,56,53,49,51
[1741791642.012919] [AOA] Measurement: 0,1741791641.984372,18:fd:74:45:73:4e,2,1,1,0,128,703,846,212,625,446,882,383,535,467,872,306,872,234,776,651,218,296,776,438,811,1000,789,524,954,911,135,976,7,163,839,760,437,76,71,75,69,78,66,61,43,70,66,70,70,61,62,49,51,67,66,53,59,61,55,69,44,63,53,58,30,60,55,54,57
[1741791642.085236] [AOA] Measurement: 0,1741791642.055349,18:fd:74:45:73:4e,2,1,1,0,128,204,1020,246,659,910,984,414,585,1018,83,854,13,234,827,160,408,762,933,475,824,499,969,530,955,1019,198,957,26,145,834,582,281,75,69,75,66,77,66,60,41,71,68,72,70,62,65,53,53,65,68,54,57,60,56,66,43,64,54,57,32,58,51,51,54
[1741791642.152145] [AOA] Measurement: 0,1741791642.124552,18:fd:74:45:73:4e,2,1,1,0,128,698,823,236,656,361,817,885,360,1,106,825,31,276,837,678,278,859,965,449,769,512,977,573,945,997,186,944,44,113,806,59,791,93,90,95,85,96,84,77,53,90,86,91,90,79,80,68,67,86,88,74,76,79,72,87,59,84,68,77,44,78,72,72,73
[1741791642.224765] [AOA] Measurement: 0,1741791642.194615,18:fd:74:45:73:4e,2,1,1,0,128,654,818,228,655,418,822,858,340,484,956,273,861,922,71,148,420,753,898,445,791,993,771,1000,728,399,986,1004,64,177,816,113,884,73,71,75,65,73,61,57,41,71,67,73,68,60,63,50,50,65,70,55,58,57,51,67,36,67,56,63,30,57,55,52,56
[1741791642.304186] [AOA] Measurement: 0,1741791642.274425,18:fd:74:45:73:4e,2,1,1,0,128,702,819,829,868,890,977,392,515,1013,89,876,49,837,1009,108,365,838,921,436,774,524,975,491,914,956,180,981,45,577,591,930,707,91,86,93,83,93,78,71,50,86,79,89,84,75,79,61,65,82,85,69,71,69,64,80,45,74,58,68,31,64,59,53,56
[1741791642.371089] [AOA] Measurement: 0,1741791642.344354,18:fd:74:45:73:4e,2,1,1,0,128,206,1005,859,887,905,998,824,305,511,932,858,56,859,33,115,395,784,924,474,810,991,781,1001,716,401,984,409,837,166,797,338,138,72,69,72,64,74,61,55,41,69,63,68,67,59,63,44,49,62,66,51,54,53,52,65,36,61,50,55,26,55,49,46,50
[1741791642.444667] [AOA] Measurement: 0,1741791642.415588,18:fd:74:45:73:4e,2,1,1,0,128,625,761,210,633,400,809,825,319,448,900,275,846,264,791,689,262,817,941,855,564,926,783,953,679,358,938,407,804,668,625,177,978,74,69,74,67,76,64,60,41,70,65,70,69,61,63,51,51,64,67,51,55,60,55,67,42,66,54,58,32,57,56,54,53
[1741791642.515430] [AOA] Measurement: 0,1741791642.485625,18:fd:74:45:73:4e,2,1,1,0,128,705,849,786,855,316,783,810,304,442,887,249,815,317,827,180,403,824,957,459,779,508,989,574,954,959,158,983,32,80,764,733,503,89,86,91,80,93,79,73,50,87,82,89,85,77,81,63,65,80,84,67,69,74,68,83,53,81,67,73,38,73,64,61,66
[1741791642.582711] [AOA] Measurement: 0,1741791642.554439,18:fd:74:45:73:4e,2,1,1,0,128,150,991,726,802,367,800,889,397,974,57,317,892,794,986,651,201,828,967,457,834,524,966,519,957,944,144,1005,49,210,858,397,60,93,90,92,85,97,84,79,51,88,88,91,92,85,82,73,71,89,86,74,76,82,77,89,61,88,77,83,52,83,78,76,81
[1741791642.653592] [AOA] Measurement: 0,1741791642.624508,18:fd:74:45:73:4e,2,1,1,0,128,692,841,235,649,969,995,377,512,969,72,827,16,819,993,586,206,263,730,427,809,504,991,519,944,411,10,959,24,163,787,18,743,94,88,92,83,94,82,75,50,88,84,88,89,81,83,68,69,84,85,68,73,79,74,85,58,82,73,77,43,78,72,70,70
[1741791642.733860] [AOA] Measurement: 0,1741791642.704351,18:fd:74:45:73:4e,2,1,1,0,128,233,20,748,840,944,996,357,518,492,917,359,911,256,838,686,251,878,951,443,788,532,990,525,931,960,187,397,864,631,621,904,580,93,87,92,83,93,84,80,52,87,83,87,89,82,80,70,71,86,88,73,75,79,75,86,58,83,73,75,47,79,72,72,74
[1741791642.825390] [AOA] Measurement: 0,1741791642.795607,18:fd:74:45:73:4e,2,1,1,0,128,227,22,784,859,910,1002,371,569,1022,91,897,72,797,7,117,419,783,935,917,583,1011,781,14,773,328,940,443,889,618,604,336,117,90,87,91,80,93,79,75,50,87,82,88,85,79,81,64,65,83,87,71,75,79,71,85,57,84,70,75,42,74,71,67,67
[1741791642.905470] [AOA] Measurement: 0,1741791642.875585,18:fd:74:45:73:4e,2,1,1,0,128,682,808,231,653,406,818,445,567,1008,88,271,878,208,806,656,232,748,888,948,611,1000,774,1022,746,379,992,948,26,610,571,934,759,75,73,77,68,75,66,57,42,69,64,70,68,58,65,43,51,66,66,53,56,56,50,64,36,60,49,53,20,49,48,43,44
[1741791642.984744] [AOA] Measurement: 0,1741791642.955585,18:fd:74:45:73:4e,2,1,1,0,128,656,817,811,870,966,17,364,533,48,125,918,73,832,1008,601,219,761,911,446,796,481,945,14,775,434,9,927,26,138,774,655,335,90,88,94,82,92,80,74,52,88,82,89,83,74,79,62,65,81,84,71,72,74,67,84,54,84,68,76,43,75,71,69,71
[1741791643.063840] [AOA] Measurement: 0,1741791643.034367,18:fd:74:45:73:4e,2,1,1,0,128,680,824,247,649,363,806,917,394,441,862,339,891,253,808,585,216,231,741,892,565,1019,829,556,981,878,97,956,53,146,793,256,990,92,87,93,80,95,83,77,49,89,87,89,89,81,83,70,71,83,88,71,72,78,72,86,59,89,75,81,50,80,78,76,78
[1741791643.143343] [AOA] Measurement: 0,1741791643.114366,18:fd:74:45:73:4e,2,1,1,0,128,639,830,251,650,407,785,398,549,995,94,844,8,259,810,645,222,246,741,466,808,1002,771,49,768,961,140,449,885,187,824,222,936,71,67,72,64,75,66,60,39,70,67,72,69,62,63,52,53,64,68,53,56,61,53,66,42,66,56,60,31,56,55,52,58
[1741791643.215351] [AOA] Measurement: 0,1741791643.185703,18:fd:74:45:73:4e,2,1,1,0,128,640,774,248,712,907,989,799,302,497,939,835,10,295,847,173,451,822,956,440,817,551,1014,519,919,944,178,949,14,128,797,479,289,94,89,95,84,94,84,77,52,87,85,90,92,80,81,66,70,88,88,78,76,79,77,89,63,90,75,79,49,82,77,76,77
[1741791643.282243] [AOA] Measurement: 0,1741791643.254386,18:fd:74:45:73:4e,2,1,1,0,128,674,803,841,900,891,991,874,371,37,123,850,60,786,1017,188,436,229,726,907,569,533,993,551,929,962,180,920,5,666,635,805,630,91,87,93,82,93,82,76,50,87,86,89,88,81,83,69,70,84,86,72,72,79,75,85,59,85,71,76,47,80,73,70,73
[1741791643.354361] [AOA] Measurement: 0,1741791643.324472,18:fd:74:45:73:4e,2,1,1,0,128,197,1011,203,637,435,830,435,618,988,44,899,41,806,2,135,387,823,944,396,764,558,16,510,893,350,949,408,893,168,805,799,492,70,67,70,66,73,60,56,41,66,63,67,65,58,60,43,48,60,60,43,52,55,47,59,35,57,47,49,23,51,45,41,44
[1741791643.433942] [AOA] Measurement: 0,1741791643.396632,18:fd:74:45:73:4e,2,1,1,0,128,638,796,275,690,385,777,903,366,423,913,318,853,254,797,679,232,793,951,894,614,562,986,534,925,387,963,427,866,628,590,501,379,70,68,72,62,72,61,56,37,69,66,69,67,60,63,46,52,62,64,48,52,54,50,64,36,63,52,57,24,55,50,45,51
[1741791643.505221] [AOA] Measurement: 0,1741791643.475713,18:fd:74:45:73:4e,2,1,1,0,128,694,842,170,635,392,824,336,544,993,45,324,901,830,1012,630,201,821,923,941,601,514,975,21,733,973,163,987,38,127,770,420,224,71,68,71,65,74,60,55,40,64,61,65,65,59,61,45,47,59,64,46,50,50,48,61,35,59,48,50,24,52,47,43,46
[1741791643.584289] [AOA] Measurement: 0,1741791643.554466,18:fd:74:45:73:4e,2,1,1,0,128,682,836,758,856,925,984,412,542,60,107,788,18,293,829,612,219,832,978,396,757,1017,805,552,932,377,1000,932,1011,189,808,905,651,74,71,75,66,75,64,59,41,69,66,70,68,63,64,51,52,64,67,55,59,64,55,67,45,66,56,60,32,61,55,54,55
[1741791643.664213] [AOA] Measurement: 0,1741791643.634356,18:fd:74:45:73:4e,2,1,1,0,128,691,828,769,848,937,1004,868,315,34,137,798,1016,831,18,669,273,763,913,385,734,530,958,516,959,398,997,431,861,631,614,414,233,92,85,92,80,94,81,75,49,90,88,93,89,83,83,71,74,86,88,76,72,78,74,88,55,93,73,87,48,79,78,75,80
[1741791643.742527] [AOA] Measurement: 0,1741791643.714363,18:fd:74:45:73:4e,2,1,1,0,128,681,837,233,644,445,845,364,535,512,941,833,39,783,1,571,213,812,912,389,758,966,789,924,679,357,931,423,851,680,666,609,454,95,91,96,88,97,87,81,60,88,83,90,93,82,79,70,69,87,91,79,76,79,73,90,61,90,74,82,50,80,78,75,78
[1741791643.815331] [AOA] Measurement: 0,1741791643.785335,18:fd:74:45:73:4e,2,1,1,0,128,171,1015,195,679,901,987,841,332,446,920,317,889,864,1018,204,414,736,907,409,765,519,1000,529,917,381,953,455,913,151,817,218,999,91,82,90,78,94,82,73,45,92,86,94,90,83,84,70,72,79,83,66,69,76,71,83,52,87,72,79,44,75,70,69,76
[1741791643.895534] [AOA] Measurement: 0,1741791643.865645,18:fd:74:45:73:4e,2,1,1,0,128,680,802,273,695,433,827,362,520,987,56,862,45,733,948,641,228,196,715,925,573,944,755,573,968,942,169,955,1020,128,790,878,638,94,90,95,85,97,86,81,58,88,87,90,92,85,82,72,74,89,91,80,78,80,77,91,63,88,77,77,50,82,74,78,73
[1741791643.975047] [AOA] Measurement: 0,1741791643.935627,18:fd:74:45:73:4e,2,1,1,0,128,191,1011,812,891,922,4,473,587,43,123,841,30,811,7,135,406,799,913,445,828,540,998,582,981,949,184,994,76,196,840,88,771,73,72,74,65,73,62,56,42,63,61,67,63,57,59,43,46,62,66,49,52,53,45,62,34,60,51,51,24,54,50,45,48
[1741791644.044648] [AOA] Measurement: 0,1741791644.014484,18:fd:74:45:73:4e,2,1,1,0,128,721,841,267,685,348,776,801,268,527,950,852,28,841,1004,580,178,274,743,478,825,503,977,553,957,942,147,1001,18,149,804,318,114,91,88,92,81,94,78,74,46,86,80,89,88,79,80,67,71,85,87,73,73,81,74,88,58,87,72,79,46,78,75,72,72
[1741791644.124186] [AOA] Measurement: 0,1741791644.094416,18:fd:74:45:73:4e,2,1,1,0,128,677,847,785,845,393,818,849,367,467,932,355,888,796,1013,656,239,218,751,475,779,895,721,1014,712,398,968,1004,46,115,794,383,136,94,90,96,87,97,86,80,57,91,88,90,91,84,84,74,73,88,88,76,77,83,77,91,63,87,76,82,48,80,76,77,78
[1741791644.202514] [AOA] Measurement: 0,1741791644.174328,18:fd:74:45:73:4e,2,1,1,0,128,685,819,230,653,373,834,859,364,455,906,313,900,878,5,148,425,250,760,463,806,967,752,57,772,921,142,959,1015,634,608,459,215,94,87,93,84,97,85,79,49,90,90,93,94,87,82,77,74,88,87,78,76,84,80,91,69,89,77,87,61,87,79,84,85
[1741791644.275576] [AOA] Measurement: 0,1741791644.245404,18:fd:74:45:73:4e,2,1,1,0,128,601,813,278,709,384,797,845,344,527,938,350,899,338,859,183,431,229,738,451,816,971,769,3,780,442,0,474,949,135,775,435,92,103,91,102,82,105,88,76,41,97,91,100,103,82,82,73,69,92,92,78,76,87,80,98,62,98,79,88,59,94,81,87,87
[1741791644.346701] [AOA] Measurement: 0,1741791644.318244,18:fd:74:45:73:4e,2,1,1,0,128,685,847,251,687,375,818,420,580,39,125,328,864,294,820,661,266,262,783,452,770,497,971,530,894,980,191,1,109,154,791,648,466,102,92,107,78,109,82,58,42,103,85,103,98,80,84,60,64,87,87,75,65,73,60,91,33,92,60,75,30,75,60,69,65
[1741791644.409342] [AOA] Measurement: 0,1741791644.385767,18:fd:74:45:73:4e,2,1,1,0,128,637,794,232,676,946,983,335,555,504,926,297,872,350,834,585,228,214,725,847,554,994,772,995,714,432,28,997,100,225,854,445,83,92,74,93,56,103,77,50,23,82,81,91,101,73,67,62,47,74,82,67,55,73,59,80,39,96,67,57,36,89,78,80,77
[1741791644.493333] [AOA] Measurement: 0,1741791644.462320,18:fd:74:45:73:4e,2,1,1,0,128,236,29,819,888,885,998,331,546,92,163,981,135,832,17,266,598,849,931,512,910,591,31,495,852,522,78,512,924,732,728,926,684,115,87,108,76,119,90,70,33,88,79,95,110,65,62,61,43,95,78,81,61,95,83,90,74,113,71,66,58,116,85,97,79
[1741791644.565776] [AOA] Measurement: 0,1741791644.535240,18:fd:74:45:73:4e,2,1,1,0,128,682,805,165,600,315,773,821,375,671,82,465,973,347,939,718,501,297,802,973,670,14,838,91,702,576,202,592,817,672,737,847,883,132,88,122,67,113,82,70,22,108,77,107,102,45,58,48,40,117,88,103,80,116,90,113,83,127,67,87,59,113,76,75,61
[1741791644.644772] [AOA] Measurement: 0,1741791644.614570,18:fd:74:45:73:4e,2,1,1,0,128,731,714,152,276,444,838,876,0,775,188,621,1009,326,951,649,586,488,858,1000,822,629,107,286,844,769,236,761,961,793,732,292,222,63,55,85,14,92,50,45,12,77,43,81,93,58,39,37,18,73,51,82,61,133,107,67,90,120,51,64,84,129,119,132,64
[1741791644.724094] [AOA] Measurement: 0,1741791644.694334,18:fd:74:45:73:4e,2,1,1,0,128,82,817,651,858,951,1018,222,682,663,57,8,57,846,91,230,582,725,827,326,745,465,865,600,763,304,464,111,1008,14,641,816,595,94,50,108,48,136,70,34,55,72,50,67,59,81,50,65,41,106,61,87,59,103,60,74,69,54,11,44,38,98,38,61,13
[1741791644.802286] [AOA] Measurement: 0,1741791644.774393,18:fd:74:45:73:4e,2,1,1,0,128,805,895,249,639,392,792,968,419,4,828,531,127,728,490,86,156,89,437,781,67,927,288,972,19,655,1009,215,933,100,224,23,988,103,75,92,80,72,78,52,46,26,26,26,40,11,17,24,5,73,33,32,36,69,40,59,58,55,19,33,26,29,20,9,22
[1741791644.876975] [AOA] Measurement: 0,1741791644.845769,18:fd:74:45:73:4e,2,1,1,0,128,159,947,208,545,25,967,844,153,726,251,614,117,545,91,381,792,890,1021,471,886,233,939,744,974,438,625,718,112,843,959,121,134,158,157,167,115,47,57,110,48,63,119,115,101,87,93,72,81,178,127,127,129,109,113,117,119,81,77,60,74,76,101,51,86
[1741791644.955693] [AOA] Measurement: 0,1741791644.925535,18:fd:74:45:73:4e,2,1,1,0,128,743,659,670,627,958,10,472,296,679,553,161,252,675,591,139,25,514,880,541,28,790,200,871,45,499,647,487,282,422,220,163,35,75,123,128,45,38,66,93,55,32,45,34,93,55,36,46,26,109,66,50,78,128,99,93,110,112,39,23,95,91,86,63,66
[1741791645.035520] [AOA] Measurement: 0,1741791645.005727,18:fd:74:45:73:4e,2,1,1,0,128,730,893,831,907,769,1002,428,231,279,435,120,180,709,183,248,755,322,744,505,872,418,1020,560,915,798,356,842,91,992,189,919,675,115,35,59,65,48,80,88,13,83,99,95,100,25,17,53,54,94,33,41,53,55,49,46,39,98,61,66,15,33,45,7,63
[1741791645.101595] [AOA] Measurement: 0,1741791645.074449,18:fd:74:45:73:4e,2,1,1,0,128,236,410,818,165,299,786,905,95,409,24,365,959,264,786,642,267,844,461,555,210,809,243,534,973,607,349,396,157,592,372,793,321,62,137,128,41,91,62,56,22,33,88,52,132,157,110,130,103,60,89,113,49,102,35,51,20,106,20,41,110,58,111,41,43
[1741791645.174248] [AOA] Measurement: 0,1741791645.144386,18:fd:74:45:73:4e,2,1,1,0,128,734,923,385,708,391,779,888,405,590,657,446,286,306,454,571,980,95,263,164,286,774,653,420,834,143,499,50,938,503,441,374,371,102,116,83,131,109,79,34,93,95,47,45,46,46,84,27,67,30,83,26,40,62,33,55,23,18,11,23,12,65,17,42,23
[1741791645.254440] [AOA] Measurement: 0,1741791645.224335,18:fd:74:45:73:4e,2,1,1,0,128,629,970,889,943,548,1018,374,907,693,213,68,131,541,714,887,843,782,871,410,696,868,790,952,645,841,309,199,177,502,102,992,741,100,124,51,32,127,32,52,23,67,130,114,119,132,87,47,51,127,137,123,101,108,89,134,55,146,130,137,133,41,129,89,129
[1741791645.325721] [AOA] Measurement: 0,1741791645.295728,18:fd:74:45:73:4e,2,1,1,0,128,640,925,786,865,372,803,825,519,394,405,156,124,1023,349,168,802,626,587,558,450,839,711,480,782,350,493,288,135,105,78,42,115,67,44,10,74,52,80,65,40,46,74,56,105,25,22,33,30,76,52,29,65,83,69,67,53,64,57,55,69,49,28,43,58
[1741791645.389553] [AOA] Measurement: 0,1741791645.364357,18:fd:74:45:73:4e,2,1,1,0,128,808,947,439,712,942,24,424,682,401,253,106,90,582,811,83,430,245,338,793,379,224,704,253,932,321,302,249,54,921,668,677,523,60,61,66,90,55,74,46,36,8,31,24,93,45,40,50,31,29,64,63,22,75,36,26,1,27,26,31,37,83,30,54,35
[1741791645.464388] [AOA] Measurement: 0,1741791645.434367,18:fd:74:45:73:4e,2,1,1,0,128,963,117,527,799,278,801,971,589,343,967,291,918,136,754,494,182,730,216,266,128,832,573,167,320,870,89,593,925,405,25,544,705,109,129,128,91,115,83,38,18,52,108,66,130,115,88,125,88,76,97,131,50,55,36,29,28,34,59,13,62,36,50,38,47
[1741791645.543109] [AOA] Measurement: 0,1741791645.514433,18:fd:74:45:73:4e,2,1,1,0,128,793,1006,402,757,201,821,921,738,298,906,779,110,688,904,1017,310,520,123,228,953,271,93,40,80,821,141,220,134,956,181,308,49,93,81,101,82,49,74,65,12,56,62,50,90,83,77,84,73,67,56,75,36,28,13,26,49,48,43,7,64,16,60,15,46
[1741791645.615276] [AOA] Measurement: 0,1741791645.584515,18:fd:74:45:73:4e,2,1,1,0,128,951,119,535,853,356,808,902,745,368,986,782,76,664,903,534,180,592,217,340,948,221,955,947,96,687,124,1008,137,997,76,148,856,116,140,134,86,49,88,74,35,129,160,142,152,111,105,138,138,82,72,114,48,32,39,47,60,23,86,58,103,55,97,45,89
[1741791645.680796] [AOA] Measurement: 0,1741791645.654446,18:fd:74:45:73:4e,2,1,1,0,128,374,357,111,998,909,992,490,184,789,120,699,157,790,965,634,186,485,120,350,913,832,180,908,56,804,398,801,200,475,288,24,826,69,52,47,46,62,77,64,14,80,45,69,84,76,43,82,40,66,32,54,53,44,50,50,72,21,25,43,54,49,55,58,22
[1741791645.754018] [AOA] Measurement: 0,1741791645.724431,18:fd:74:45:73:4e,2,1,1,0,128,406,222,6,1003,8,981,994,661,794,1018,728,962,749,872,502,59,507,28,175,892,259,28,943,108,951,128,896,984,240,916,647,256,127,101,136,94,99,54,45,28,136,129,127,118,50,79,77,133,132,113,129,112,74,33,128,76,140,129,138,97,72,101,95,129
[1741791645.825695] [AOA] Measurement: 0,1741791645.795639,18:fd:74:45:73:4e,2,1,1,0,128,819,190,637,835,410,829,467,146,741,971,662,219,862,985,160,157,32,309,308,906,226,985,979,120,823,114,830,240,416,268,522,1019,105,58,57,63,96,83,77,31,128,66,115,73,87,22,90,50,103,55,80,91,99,80,84,105,108,17,111,41,86,27,92,15
[1741791645.890019] [AOA] Measurement: 0,1741791645.864420,18:fd:74:45:73:4e,2,1,1,0,128,609,567,272,51,932,973,545,256,853,332,263,998,930,134,206,590,736,296,947,143,829,139,147,115,102,511,968,183,486,182,97,845,20,48,34,25,21,52,20,29,20,31,2,59,46,31,50,33,8,27,35,13,3,13,25,16,17,34,3,27,27,50,10,40
[1741791645.963886] [AOA] Measurement: 0,1741791645.935661,18:fd:74:45:73:4e,2,1,1,0,128,963,712,411,536,683,1014,491,334,85,462,3,254,1018,272,368,762,353,512,11,226,183,253,271,1012,408,612,223,262,672,321,603,494,13,54,18,6,35,47,18,35,21,25,14,48,24,18,21,31,1,13,12,8,35,21,26,28,37,23,23,18,18,34,27,36
[1741791646.035069] [AOA] Measurement: 0,1741791646.005437,18:fd:74:45:73:4e,2,1,1,0,128,90,767,533,597,749,20,444,375,977,374,519,86,67,385,327,720,668,586,83,327,44,269,276,1015,360,589,685,59,700,366,434,186,52,86,56,23,36,60,39,52,32,44,41,82,32,25,33,29,13,28,32,13,11,11,37,40,33,34,11,50,35,63,9,40
[1741791646.103774] [AOA] Measurement: 0,1741791646.074430,18:fd:74:45:73:4e,2,1,1,0,128,83,795,582,590,660,1014,312,305,1008,470,10,253,107,445,437,798,767,699,193,580,90,53,322,958,412,609,227,255,594,263,31,1004,53,68,55,19,34,43,41,41,24,29,27,54,12,24,14,22,45,15,16,8,21,31,22,56,33,19,16,28,13,40,20,32
[1741791646.175587] [AOA] Measurement: 0,1741791646.144407,18:fd:74:45:73:4e,2,1,1,0,128,891,993,404,744,404,846,792,778,572,962,513,888,236,804,419,897,466,928,628,915,431,744,776,668,216,863,679,891,120,790,0,768,103,147,129,114,148,46,8,112,78,131,107,140,132,67,98,60,77,127,128,60,118,71,127,69,157,141,117,167,160,173,129,132
[1741791646.254292] [AOA] Measurement: 0,1741791646.224499,18:fd:74:45:73:4e,2,1,1,0,128,954,118,59,14,982,11,289,824,591,21,503,982,882,67,92,92,78,183,655,937,462,880,822,784,862,125,736,990,136,888,724,286,54,108,106,68,159,42,6,84,95,58,93,99,112,46,76,23,37,121,91,14,79,62,74,58,85,74,53,109,158,160,127,121
[1741791646.322071] [AOA] Measurement: 0,1741791646.294359,18:fd:74:45:73:4e,2,1,1,0,128,759,1015,448,731,465,856,686,520,1004,591,915,814,262,784,110,29,677,171,696,772,486,874,704,743,111,858,521,929,136,854,783,472,60,102,72,86,156,52,23,95,126,74,146,57,84,18,53,60,23,92,78,43,134,92,61,89,78,53,101,100,129,153,178,107
[1741791646.409433] [AOA] Measurement: 0,1741791646.366223,18:fd:74:45:73:4e,2,1,1,0,128,656,1003,974,898,989,1019,146,702,543,727,412,72,846,484,584,813,94,59,192,536,476,890,664,786,641,32,623,992,157,853,591,356,71,74,37,88,130,61,40,93,149,80,139,51,49,17,38,82,63,69,54,65,127,109,47,117,55,30,96,101,130,134,160,89
[1741791646.486380] [AOA] Measurement: 0,1741791646.455177,18:fd:74:45:73:4e,2,1,1,0,128,651,940,768,862,466,885,705,550,598,814,993,525,528,602,781,1000,742,207,529,779,448,903,606,823,37,658,530,915,91,856,607,274,141,105,87,103,103,40,60,100,177,129,133,19,29,72,32,127,128,18,45,134,129,129,127,132,117,58,138,81,156,89,128,58
[1741791646.564598] [AOA] Measurement: 0,1741791646.535467,18:fd:74:45:73:4e,2,1,1,0,128,259,448,751,925,31,14,1005,202,93,269,1014,115,930,117,267,641,347,369,963,327,26,607,115,495,484,83,580,883,252,715,588,10,43,57,52,2,26,62,12,17,59,88,73,77,38,33,41,58,36,49,25,32,49,22,54,19,17,22,19,22,27,8,24,20
[1741791646.630296] [AOA] Measurement: 0,1741791646.604432,18:fd:74:45:73:4e,2,1,1,0,128,378,516,282,991,21,12,879,694,300,71,312,988,410,942,221,539,255,458,897,244,78,933,24,924,539,175,395,919,689,847,427,306,24,23,26,45,58,75,45,6,27,64,21,107,49,22,71,34,15,66,52,25,17,11,58,26,30,50,21,52,18,36,40,40
[1741791646.702306] [AOA] Measurement: 0,1741791646.674401,18:fd:74:45:73:4e,2,1,1,0,128,740,0,440,725,421,788,394,827,696,225,524,157,913,906,254,184,916,441,821,1011,547,976,90,1010,306,146,170,916,692,841,62,945,63,11,17,69,69,82,58,12,63,8,44,97,39,10,63,4,30,59,42,8,12,25,29,58,24,33,31,57,44,40,69,25
[1741791646.776088] [AOA] Measurement: 0,1741791646.746544,18:fd:74:45:73:4e,2,1,1,0,128,774,912,800,862,465,854,837,550,110,580,996,21,340,498,644,853,316,167,288,710,984,771,465,769,365,206,199,960,602,776,250,224,85,29,36,81,77,78,63,16,80,23,64,78,27,16,49,29,45,45,29,15,21,29,13,61,23,17,37,46,49,31,66,17
[1741791646.842346] [AOA] Measurement: 0,1741791646.814381,18:fd:74:45:73:4e,2,1,1,0,128,767,936,795,865,406,828,899,533,136,630,999,1009,283,448,638,892,324,229,191,627,997,808,182,735,285,60,163,939,208,965,193,870,94,42,50,86,79,80,63,20,91,44,73,64,20,27,37,43,57,40,27,24,31,34,11,69,25,9,40,44,59,33,77,22
[1741791646.914354] [AOA] Measurement: 0,1741791646.884579,18:fd:74:45:73:4e,2,1,1,0,128,741,883,303,729,450,804,865,526,688,826,578,212,709,642,618,893,912,377,684,889,522,980,761,982,801,5,700,51,159,878,71,757,114,64,76,101,92,82,65,30,113,74,98,43,13,43,26,67,67,31,27,29,33,33,24,70,34,17,51,36,61,34,80,34
[1741791647.008670] [AOA] Measurement: 0,1741791646.965594,18:fd:74:45:73:4e,2,1,1,0,128,689,863,362,714,453,798,972,563,735,923,617,56,637,713,992,72,326,61,93,700,82,833,758,951,797,27,762,1008,170,866,770,412,135,88,108,119,105,81,61,38,135,115,129,18,20,62,26,97,87,34,57,41,35,29,48,73,52,46,67,42,66,46,90,68
[1741791647.085651] [AOA] Measurement: 0,1741791647.055673,18:fd:74:45:73:4e,2,1,1,0,128,737,901,344,737,413,791,915,557,123,703,70,932,106,456,475,932,319,79,677,971,493,964,251,784,827,28,730,995,162,848,304,997,137,85,105,118,109,84,67,37,140,119,129,26,24,63,30,100,91,37,62,46,45,35,51,82,59,49,72,47,76,48,103,75
[1741791647.164539] [AOA] Measurement: 0,1741791647.134523,18:fd:74:45:73:4e,2,1,1,0,128,748,907,328,710,457,816,894,515,58,634,52,955,233,508,129,127,947,338,603,873,1006,781,204,760,811,22,695,998,150,867,790,423,128,73,95,112,110,87,69,33,139,109,129,33,21,53,28,94,89,37,52,44,53,41,47,84,57,33,70,40,72,39,93,54
[1741791647.230977] [AOA] Measurement: 0,1741791647.204394,18:fd:74:45:73:4e,2,1,1,0,128,302,86,847,933,996,994,427,756,667,890,1020,986,297,442,659,912,962,388,723,935,552,974,783,979,814,78,721,58,223,920,403,997,102,44,61,87,104,80,62,26,114,74,99,48,26,33,39,66,69,42,41,34,46,41,35,76,55,22,59,43,70,39,92,41
[1741791647.302982] [AOA] Measurement: 0,1741791647.274420,18:fd:74:45:73:4e,2,1,1,0,128,350,254,876,899,12,1,441,870,669,875,554,101,918,647,194,119,959,360,757,943,592,984,863,991,760,38,702,45,179,854,767,389,107,32,52,87,117,89,69,26,117,73,110,64,47,18,54,64,73,55,56,40,54,46,43,82,72,26,77,48,78,42,102,50
[1741791647.375350] [AOA] Measurement: 0,1741791647.345389,18:fd:74:45:73:4e,2,1,1,0,128,787,136,957,861,458,787,824,683,176,699,19,986,325,797,645,915,453,190,730,963,628,1010,852,931,283,977,212,879,662,623,45,806,95,26,36,78,115,85,68,25,113,62,106,82,67,3,75,48,72,67,64,49,65,49,54,88,89,30,88,54,86,46,111,52
[1741791647.442757] [AOA] Measurement: 0,1741791647.414379,18:fd:74:45:73:4e,2,1,1,0,128,298,423,200,987,997,982,394,975,679,1015,31,959,921,132,188,144,416,127,296,857,677,19,959,987,816,204,726,55,222,875,163,902,75,58,34,58,106,82,62,37,90,31,82,104,84,29,85,18,45,74,57,38,45,31,52,59,68,19,73,47,65,39,73,11
[1741791647.514354] [AOA] Measurement: 0,1741791647.484541,18:fd:74:45:73:4e,2,1,1,0,128,392,602,318,956,562,824,424,99,656,253,658,149,972,218,284,630,53,352,874,112,719,93,68,946,911,364,797,97,319,995,976,807,24,86,55,20,55,52,40,41,40,25,33,108,82,49,77,18,22,72,52,36,28,19,63,39,50,31,50,47,45,44,51,27
[1741791647.594297] [AOA] Measurement: 0,1741791647.564471,18:fd:74:45:73:4e,2,1,1,0,128,486,552,15,558,128,854,829,76,998,219,692,1014,521,126,808,544,207,286,407,62,780,598,732,643,942,454,85,966,903,174,539,125,31,108,61,22,37,45,24,53,24,54,16,98,47,56,28,47,7,53,20,18,29,25,58,49,13,18,13,25,19,40,13,53
[1741791647.673285] [AOA] Measurement: 0,1741791647.644427,18:fd:74:45:73:4e,2,1,1,0,128,628,869,253,686,384,837,852,419,609,728,423,572,83,463,395,799,155,585,907,449,817,604,980,527,942,555,962,532,403,209,685,368,106,121,95,111,127,79,32,87,91,119,110,56,60,48,26,85,72,31,16,80,106,61,106,33,91,58,72,30,99,62,94,57
[1741791647.744267] [AOA] Measurement: 0,1741791647.715220,18:fd:74:45:73:4e,2,1,1,0,128,793,13,476,764,935,1001,871,473,37,589,944,932,215,754,502,716,176,146,207,432,915,643,51,537,23,648,0,715,554,432,68,866,55,65,53,75,129,73,30,48,47,31,59,27,78,28,65,20,9,40,43,20,65,39,22,23,45,2,43,32,90,32,86,25
[1741791647.813325] [AOA] Measurement: 0,1741791647.784446,18:fd:74:45:73:4e,2,1,1,0,128,460,265,21,952,1018,16,484,734,935,101,554,30,789,2,134,409,164,259,762,98,466,677,917,426,729,135,654,908,111,788,989,742,90,112,130,87,137,84,40,46,8,58,19,85,148,105,128,49,78,108,99,45,45,30,77,21,73,46,40,65,115,105,118,84
[1741791647.896340] [AOA] Measurement: 0,1741791647.865798,18:fd:74:45:73:4e,2,1,1,0,128,300,134,925,950,928,1022,424,752,292,766,641,887,98,633,464,1021,368,840,141,787,531,103,693,3,591,959,610,159,170,484,408,931,127,106,120,95,87,64,79,34,110,107,80,35,112,112,100,96,130,60,62,109,66,75,123,86,117,39,53,9,32,100,45,58
[1741791647.963266] [AOA] Measurement: 0,1741791647.934444,18:fd:74:45:73:4e,2,1,1,0,128,803,1012,352,721,442,846,361,798,753,970,655,121,774,834,86,163,888,340,757,852,472,981,694,965,565,325,600,44,163,350,33,848,111,81,73,90,110,86,82,46,114,58,75,70,70,63,90,59,85,29,53,73,82,82,72,88,62,18,33,75,107,16,122,35
[1741791648.035035] [AOA] Measurement: 0,1741791648.005234,18:fd:74:45:73:4e,2,1,1,0,128,768,2,513,738,459,825,367,771,251,888,657,98,701,802,600,83,907,344,803,822,437,961,807,950,948,94,190,816,648,741,805,834,79,79,74,81,122,85,67,48,101,59,70,104,78,39,98,42,40,75,83,36,73,67,47,72,20,57,23,104,137,45,128,95
[1741791648.116719] [AOA] Measurement: 0,1741791648.085786,18:fd:74:45:73:4e,2,1,1,0,128,403,242,499,793,421,830,881,609,277,965,109,861,271,790,615,147,101,294,771,45,456,943,340,765,369,28,388,863,568,650,606,500,82,98,114,85,139,88,58,52,96,112,85,141,110,49,121,62,61,127,119,33,51,39,86,50,46,106,50,128,139,107,134,144
[1741791648.194133] [AOA] Measurement: 0,1741791648.154386,18:fd:74:45:73:4e,2,1,1,0,128,941,78,472,838,379,787,989,564,874,59,768,1010,812,994,83,345,131,218,748,67,162,107,304,943,389,10,344,778,622,654,727,589,121,104,138,83,127,68,54,34,91,128,108,135,121,74,122,98,132,151,127,88,22,26,134,44,104,123,89,105,112,136,134,161
[1741791648.266799] [AOA] Measurement: 0,1741791648.235716,18:fd:74:45:73:4e,2,1,1,0,128,873,20,937,959,358,788,947,605,212,793,699,951,688,895,540,21,1009,115,665,971,695,183,733,16,781,29,742,859,140,636,818,498,165,117,135,98,117,60,99,26,138,160,149,73,118,97,101,126,130,125,99,136,100,104,127,124,128,103,127,36,54,115,94,128
[1741791648.345102] [AOA] Measurement: 0,1741791648.314516,18:fd:74:45:73:4e,2,1,1,0,128,290,190,941,977,994,1021,378,856,713,883,615,13,698,879,69,145,932,67,705,923,602,46,656,1007,101,784,689,60,225,569,550,82,143,101,89,84,93,58,97,42,129,107,116,36,83,72,73,82,149,62,48,121,107,116,128,119,109,32,91,34,91,47,101,64
[1741791648.411235] [AOA] Measurement: 0,1741791648.384334,18:fd:74:45:73:4e,2,1,1,0,128,790,54,513,777,1010,946,885,646,698,998,87,843,192,710,538,1012,331,83,832,854,539,1013,727,911,219,34,764,1023,154,833,935,741,76,100,82,75,122,69,70,60,95,63,73,112,77,41,94,33,61,66,86,67,91,92,85,93,55,63,54,113,128,73,136,108
[1741791648.484764] [AOA] Measurement: 0,1741791648.454415,18:fd:74:45:73:4e,2,1,1,0,128,737,957,447,734,417,828,908,423,199,802,619,986,214,715,161,262,970,114,692,914,991,806,164,806,190,858,200,658,578,543,542,294,114,96,105,104,147,84,56,55,86,100,90,60,83,33,67,34,77,79,71,50,36,28,100,31,93,85,77,74,105,119,122,131
[1741791648.563039] [AOA] Measurement: 0,1741791648.534331,18:fd:74:45:73:4e,2,1,1,0,128,761,1011,485,724,409,798,824,508,149,880,10,879,211,648,586,1016,221,61,215,536,972,759,171,706,210,993,141,835,591,591,56,1007,78,88,62,85,145,89,68,68,75,29,52,111,76,32,93,2,52,44,56,59,61,70,68,74,45,51,37,86,101,78,138,90
[1741791648.636323] [AOA] Measurement: 0,1741791648.605487,18:fd:74:45:73:4e,2,1,1,0,128,702,903,355,740,399,789,872,461,823,1013,592,889,681,790,391,976,897,120,636,840,517,902,698,864,147,847,168,668,544,448,1002,876,113,112,98,108,127,68,67,82,108,125,111,94,49,67,59,83,88,64,64,66,66,56,108,69,83,96,86,91,103,100,128,143
[1741791648.704435] [AOA] Measurement: 0,1741791648.674360,18:fd:74:45:73:4e,2,1,1,0,128,860,1002,436,805,332,803,484,674,310,864,159,752,702,885,490,89,25,128,635,919,606,101,708,1004,695,50,711,902,229,676,717,379,146,167,136,107,112,46,73,48,102,134,111,129,152,137,130,118,128,99,125,115,104,93,127,85,130,99,114,65,127,59,108,111
[1741791648.775511] [AOA] Measurement: 0,1741791648.745717,18:fd:74:45:73:4e,2,1,1,0,128,851,919,892,868,878,992,459,593,748,919,521,150,742,805,15,125,370,992,686,953,514,113,697,1010,687,991,672,783,26,641,447,57,134,86,92,107,128,89,85,43,96,81,79,31,68,49,58,55,99,65,64,58,43,24,89,66,66,51,67,18,106,99,98,84
[1741791648.854678] [AOA] Measurement: 0,1741791648.815619,18:fd:74:45:73:4e,2,1,1,0,128,811,331,1015,659,536,828,921,552,334,989,195,902,441,941,266,367,447,999,179,807,479,91,365,812,418,1017,974,976,503,660,536,392,70,33,6,58,124,85,63,29,71,80,63,133,65,4,73,21,68,112,36,45,29,8,117,55,128,104,92,83,69,128,115,130
[1741791648.924874] [AOA] Measurement: 0,1741791648.895790,18:fd:74:45:73:4e,2,1,1,0,128,805,919,291,658,392,872,432,404,286,578,128,43,179,675,662,60,896,870,883,619,466,137,657,32,620,811,598,355,42,553,911,314,106,51,64,65,60,72,75,9,46,28,9,44,40,33,50,9,79,36,13,46,13,37,39,54,68,31,33,31,8,65,10,48
[1741791649.004087] [AOA] Measurement: 0,1741791648.974550,18:fd:74:45:73:4e,2,1,1,0,128,527,921,555,804,479,15,1018,949,198,881,701,882,276,499,150,433,205,1006,662,761,762,797,392,405,974,953,496,797,947,459,640,421,7,25,30,25,13,18,18,25,20,37,35,21,31,13,34,15,20,27,9,11,38,8,5,9,51,16,36,27,65,30,42,19
[1741791649.083573] [AOA] Measurement: 0,1741791649.055585,18:fd:74:45:73:4e,2,1,1,0,128,887,100,620,848,346,805,940,879,254,978,294,7,785,22,203,456,59,423,849,61,720,89,19,48,988,283,895,132,334,18,562,401,73,58,59,58,55,78,62,23,61,100,81,127,91,47,103,64,39,36,64,25,36,42,22,70,58,93,71,98,85,86,105,99
[1741791649.161388] [AOA] Measurement: 0,1741791649.131108,18:fd:74:45:73:4e,2,1,1,0,128,1014,147,607,753,300,838,7,563,511,73,427,1003,771,967,624,377,733,307,420,24,149,501,139,258,215,452,135,120,76,969,155,950,93,80,53,50,80,66,64,15,127,79,81,82,117,108,104,95,59,68,75,51,65,28,77,76,127,69,79,37,26,80,47,74
[1741791649.233838] [AOA] Measurement: 0,1741791649.204385,18:fd:74:45:73:4e,2,1,1,0,128,36,913,130,684,282,818,964,497,519,309,501,97,225,731,610,410,22,450,529,231,614,481,810,176,701,314,744,179,182,77,286,51,16,43,34,49,65,60,37,53,83,49,77,52,48,64,38,54,26,34,50,41,95,44,58,54,137,77,101,23,83,95,54,79
[1741791649.301922] [AOA] Measurement: 0,1741791649.274319,18:fd:74:45:73:4e,2,1,1,0,128,675,505,341,74,818,958,775,514,60,195,954,169,891,30,159,476,404,604,67,365,21,536,176,315,86,377,28,181,479,28,800,524,114,101,141,44,82,53,23,33,170,135,127,103,130,133,91,138,137,140,137,85,67,48,136,85,141,113,127,73,91,133,147,130
[1741791649.374737] [AOA] Measurement: 0,1741791649.344419,18:fd:74:45:73:4e,2,1,1,0,128,877,255,777,796,440,854,932,497,969,146,347,936,238,795,581,170,844,409,528,241,266,974,675,908,569,93,35,133,310,955,798,549,32,48,71,52,104,85,53,21,125,124,129,125,125,96,110,94,54,93,61,22,18,21,70,60,128,99,134,67,86,95,100,101
[1741791649.453351] [AOA] Measurement: 0,1741791649.424370,18:fd:74:45:73:4e,2,1,1,0,128,158,971,678,773,386,787,827,358,675,95,522,986,6,190,737,470,318,744,422,830,503,8,1006,746,181,401,218,197,238,959,452,151,130,118,128,61,99,81,70,37,109,82,91,99,56,66,46,37,100,108,118,57,74,58,93,62,135,65,70,53,86,91,54,66
[1741791649.525768] [AOA] Measurement: 0,1741791649.495635,18:fd:74:45:73:4e,2,1,1,0,128,227,77,781,843,314,794,842,437,536,967,338,905,327,897,105,411,281,780,535,914,463,1000,581,880,505,76,404,851,657,666,524,349,110,85,98,75,125,85,66,43,43,56,48,89,65,50,63,19,86,66,65,55,66,52,79,55,58,43,30,47,77,44,61,33
[1741791649.592774] [AOA] Measurement: 0,1741791649.564482,18:fd:74:45:73:4e,2,1,1,0,128,709,855,231,680,405,828,823,417,571,990,891,61,360,891,145,428,844,936,447,833,565,1005,989,668,485,69,458,919,185,824,464,229,100,72,86,65,117,81,57,35,72,76,77,98,72,61,57,32,75,69,60,51,73,54,74,50,90,59,50,44,86,63,78,56
[1741791649.664690] [AOA] Measurement: 0,1741791649.634502,18:fd:74:45:73:4e,2,1,1,0,128,678,809,739,782,402,809,828,341,599,11,893,74,365,905,730,350,197,731,904,572,997,814,968,671,446,9,505,991,709,714,634,425,109,94,118,67,116,77,52,34,105,84,107,102,78,76,56,50,102,105,95,69,79,67,108,42,117,70,78,36,98,82,84,78
[1741791649.745021] [AOA] Measurement: 0,1741791649.714492,18:fd:74:45:73:4e,2,1,1,0,128,139,976,828,890,900,1009,361,593,74,164,888,105,905,34,224,501,767,900,367,727,490,967,544,942,964,185,432,942,155,836,193,912,108,91,114,69,121,87,57,33,113,102,115,112,93,91,73,68,96,98,86,60,75,70,95,41,119,81,83,49,103,85,93,88
[1741791649.810409] [AOA] Measurement: 0,1741791649.784338,18:fd:74:45:73:4e,2,1,1,0,128,180,997,778,878,910,1000,417,597,470,924,347,941,258,828,649,245,250,715,908,593,998,787,64,780,987,217,957,70,197,846,59,807,90,77,90,63,102,73,52,30,84,79,87,93,73,71,53,50,77,74,60,52,67,56,78,41,88,64,64,38,79,61,74,66
[1741791649.883667] [AOA] Measurement: 0,1741791649.854444,18:fd:74:45:73:4e,2,1,1,0,128,207,4,785,831,922,994,373,565,32,97,907,62,862,7,196,462,727,945,388,732,949,762,999,741,917,130,480,924,162,831,230,1016,98,92,103,78,108,81,64,39,98,87,99,101,83,82,66,66,91,92,83,71,82,73,94,53,100,77,91,52,95,82,90,90
[1741791649.955164] [AOA] Measurement: 0,1741791649.925720,18:fd:74:45:73:4e,2,1,1,0,128,716,842,226,684,1007,18,374,570,485,956,856,80,869,40,144,431,816,923,472,807,483,939,1022,745,393,1016,970,46,174,848,619,337,92,87,90,79,92,80,71,48,87,83,89,90,81,79,65,68,83,86,75,70,77,72,84,58,87,71,81,53,80,73,74,73
[1741791650.022620] [AOA] Measurement: 0,1741791649.994448,18:fd:74:45:73:4e,2,1,1,0,128,668,829,820,879,952,6,387,591,8,102,860,41,809,1015,157,418,825,931,435,761,1008,828,1017,767,957,161,963,35,152,807,76,832,92,92,95,84,96,85,80,53,89,85,92,91,82,82,72,73,88,91,79,78,85,80,92,66,90,77,85,55,85,84,81,82
[1741791650.095253] [AOA] Measurement: 0,1741791650.065378,18:fd:74:45:73:4e,2,1,1,0,128,686,842,808,865,916,1000,408,564,39,118,846,27,819,998,188,451,803,930,472,810,489,977,1004,743,315,946,430,868,544,560,882,751,73,69,72,65,75,64,58,40,71,66,70,69,62,64,51,52,60,66,52,58,61,54,65,44,65,56,63,32,58,55,53,57
[1741791650.162727] [AOA] Measurement: 0,1741791650.134484,18:fd:74:45:73:4e,2,1,1,0,128,674,818,229,653,381,831,849,320,479,922,317,848,296,812,646,203,257,731,933,607,986,783,974,738,428,1006,974,35,595,609,904,726,89,83,89,77,94,79,72,39,90,83,91,88,78,80,67,68,78,83,67,70,77,69,82,56,84,68,80,43,75,73,71,73
[1741791650.234259] [AOA] Measurement: 0,1741791650.204491,18:fd:74:45:73:4e,2,1,1,0,128,210,1018,798,874,912,996,460,609,1010,97,827,37,794,990,585,197,269,739,996,677,470,931,554,927,849,93,944,15,150,816,848,522,70,69,70,64,72,62,55,42,65,64,69,64,58,63,44,49,61,63,46,54,55,48,60,35,60,49,50,24,52,47,43,46
[1741791650.313869] [AOA] Measurement: 0,1741791650.284316,18:fd:74:45:73:4e,2,1,1,0,128,682,834,211,641,375,775,853,333,491,922,356,890,252,829,704,256,257,727,935,612,968,755,963,685,426,955,473,896,640,609,698,440,92,90,94,82,92,80,71,53,86,77,88,85,70,75,57,61,81,87,74,68,72,66,84,46,79,59,73,32,70,62,56,61
[1741791650.405073] [AOA] Measurement: 0,1741791650.375646,18:fd:74:45:73:4e,2,1,1,0,128,647,782,223,644,461,873,879,337,474,898,246,833,282,814,651,214,819,976,461,774,942,769,8,738,368,935,418,847,613,611,711,481,72,71,74,66,74,64,59,42,66,65,69,69,62,66,50,51,65,68,55,58,58,54,66,39,61,54,55,28,55,50,49,49
[1741791650.472394] [AOA] Measurement: 0,1741791650.444437,18:fd:74:45:73:4e,2,1,1,0,128,718,841,911,921,980,4,346,547,106,135,778,1019,302,828,569,203,279,805,459,770,540,982,521,909,941,131,960,21,181,829,32,843,74,74,76,67,75,64,58,43,63,61,66,66,58,61,45,47,65,66,53,58,57,51,66,38,60,49,52,24,52,49,45,48
[1741791650.544285] [AOA] Measurement: 0,1741791650.514517,18:fd:74:45:73:4e,2,1,1,0,128,650,769,258,678,370,831,411,561,500,912,289,851,250,818,637,261,254,725,873,541,969,742,1021,727,381,960,434,852,588,625,703,529,94,90,97,84,96,87,80,52,92,87,92,92,82,80,71,73,91,92,83,79,84,81,93,66,92,78,87,57,89,84,83,87
[1741791650.638118] [AOA] Measurement: 0,1741791650.595619,18:fd:74:45:73:4e,2,1,1,0,128,691,771,284,688,923,1020,384,520,452,890,355,864,292,796,626,201,248,749,446,792,464,967,33,805,373,967,984,47,652,639,353,150,92,87,93,85,95,84,76,50,88,86,91,88,79,81,69,72,84,86,71,73,81,72,85,58,89,76,83,47,80,76,73,78
[1741791650.715481] [AOA] Measurement: 0,1741791650.685785,18:fd:74:45:73:4e,2,1,1,0,128,680,801,187,639,361,786,402,538,457,935,845,67,799,994,608,212,213,732,935,593,1002,803,548,950,401,984,1001,51,158,792,209,988,70,67,71,65,73,61,56,39,67,64,69,64,56,62,45,49,59,60,43,51,58,50,59,38,63,50,56,26,54,52,50,49
[1741791650.795854] [AOA] Measurement: 0,1741791650.755712,18:fd:74:45:73:4e,2,1,1,0,128,623,782,248,676,339,790,837,309,412,878,362,926,293,820,640,208,177,681,873,570,1008,793,0,758,408,980,407,856,640,624,63,824,93,85,94,81,94,85,77,48,92,89,92,92,83,82,73,75,86,88,76,76,83,78,89,61,93,78,87,54,85,80,80,82
[1741791650.863727] [AOA] Measurement: 0,1741791650.834536,18:fd:74:45:73:4e,2,1,1,0,128,654,806,241,662,377,815,926,394,0,99,341,891,826,5,596,181,238,718,921,595,996,812,551,947,371,951,437,882,119,803,142,948,74,72,75,66,73,64,59,44,70,64,70,69,61,62,51,50,68,68,58,60,60,56,70,41,66,54,60,32,62,56,55,57
[1741791650.930501] [AOA] Measurement: 0,1741791650.904496,18:fd:74:45:73:4e,2,1,1,0,128,711,855,238,714,341,794,425,562,460,914,277,871,253,804,641,226,254,695,866,549,12,780,984,738,436,0,433,900,152,758,778,477,69,66,69,62,72,62,56,37,68,65,69,66,60,63,45,51,57,60,43,49,53,48,60,36,60,53,55,26,50,50,47,46
[1741791651.003690] [AOA] Measurement: 0,1741791650.974450,18:fd:74:45:73:4e,2,1,1,0,128,671,846,256,723,413,831,856,321,532,957,322,891,290,845,187,433,783,913,866,568,17,817,506,928,982,132,954,1009,682,659,293,98,75,73,75,67,75,65,62,43,68,67,71,73,63,66,55,53,69,72,60,64,65,61,74,49,68,58,59,36,63,61,58,58
[1741791651.083289] [AOA] Measurement: 0,1741791651.054413,18:fd:74:45:73:4e,2,1,1,0,128,684,837,781,858,340,783,860,374,500,937,871,41,239,802,238,432,780,908,899,572,566,1017,495,934,985,187,1001,52,183,852,771,460,94,87,94,82,95,82,77,52,89,85,91,88,79,81,67,69,86,88,75,73,77,71,87,56,87,71,82,42,76,75,71,75
[1741791651.154591] [AOA] Measurement: 0,1741791651.125167,18:fd:74:45:73:4e,2,1,1,0,128,688,840,197,639,363,780,941,372,71,127,830,33,802,1000,564,152,807,923,379,748,548,989,583,968,946,157,901,995,648,652,519,290,72,68,73,66,76,65,59,39,69,67,71,70,64,66,53,54,65,65,51,57,63,59,67,45,65,59,60,38,62,58,59,58
[1741791651.222292] [AOA] Measurement: 0,1741791651.194406,18:fd:74:45:73:4e,2,1,1,0,128,638,809,826,889,968,11,386,541,491,928,328,883,863,1018,166,434,853,970,448,808,495,951,533,892,963,178,1010,36,153,848,29,853,74,69,74,66,75,65,59,42,69,65,70,69,63,63,48,51,67,66,58,57,58,54,67,39,61,52,56,29,57,50,47,51
[1741791651.294917] [AOA] Measurement: 0,1741791651.264507,18:fd:74:45:73:4e,2,1,1,0,128,705,830,200,659,358,785,838,316,470,914,336,896,262,787,726,269,231,748,926,615,555,1008,543,969,966,196,1,56,167,832,333,33,95,89,95,85,96,86,81,51,92,89,93,92,86,84,76,77,89,90,78,78,86,82,92,69,93,82,88,59,92,86,86,87
[1741791651.360563] [AOA] Measurement: 0,1741791651.334409,18:fd:74:45:73:4e,2,1,1,0,128,205,999,801,875,402,821,370,530,38,102,887,68,767,1009,617,234,177,684,978,662,533,997,507,943,928,127,951,24,153,784,652,411,70,67,72,62,71,62,55,40,68,64,71,64,56,62,44,48,58,63,47,51,53,47,61,36,64,50,56,24,52,49,43,50
[1741791651.432059] [AOA] Measurement: 0,1741791651.404378,18:fd:74:45:73:4e,2,1,1,0,128,197,1018,846,884,946,13,394,546,512,927,814,2,248,790,642,195,259,757,948,609,533,980,534,929,957,155,8,49,135,811,558,271,73,71,74,66,75,66,60,42,70,66,68,69,60,63,51,52,66,70,58,60,62,56,67,45,67,58,61,32,61,57,54,58
[1741791651.505630] [AOA] Measurement: 0,1741791651.475686,18:fd:74:45:73:4e,2,1,1,0,128,185,10,796,864,349,786,905,347,483,918,365,911,280,828,633,250,300,779,491,847,547,1021,552,934,1017,181,981,66,163,829,862,548,94,90,95,85,96,84,78,53,87,84,91,89,81,81,68,70,87,87,73,76,80,75,89,58,87,73,79,44,78,74,69,74
[1741791651.585180] [AOA] Measurement: 0,1741791651.555668,18:fd:74:45:73:4e,2,1,1,0,128,694,831,234,673,902,975,896,368,31,110,293,849,834,8,183,431,822,951,469,795,480,995,521,956,980,188,955,86,149,781,829,481,93,87,94,83,97,86,77,51,90,88,92,92,82,83,73,73,88,91,77,78,82,77,89,62,90,76,80,52,83,76,75,78
[1741791651.652634] [AOA] Measurement: 0,1741791651.624357,18:fd:74:45:73:4e,2,1,1,0,128,172,1004,765,832,389,813,866,344,481,941,319,869,242,810,674,252,278,764,434,818,518,973,528,913,949,178,1005,52,123,815,855,602,74,71,76,66,75,66,61,41,72,68,73,71,65,67,54,57,69,70,61,61,63,62,72,49,71,60,66,38,67,63,61,64
[1741791651.724078] [AOA] Measurement: 0,1741791651.694566,18:fd:74:45:73:4e,2,1,1,0,128,609,795,260,674,378,828,895,373,461,913,839,41,797,984,683,256,822,957,438,789,503,980,521,927,936,151,960,15,614,610,791,598,93,88,94,83,96,84,77,51,88,85,92,90,79,80,69,70,84,87,72,74,81,74,87,60,87,72,77,47,79,73,69,72
[1741791651.804025] [AOA] Measurement: 0,1741791651.775624,18:fd:74:45:73:4e,2,1,1,0,128,688,858,796,837,374,795,418,575,1009,69,295,854,850,15,191,419,225,751,951,596,534,990,662,6,907,137,977,43,126,825,321,45,92,87,92,83,92,79,73,52,85,81,86,84,77,79,61,63,81,84,66,71,73,66,82,51,80,66,69,35,69,65,59,63
[1741791651.875553] [AOA] Measurement: 0,1741791651.845734,18:fd:74:45:73:4e,2,1,1,0,128,671,801,249,660,458,862,407,556,27,88,340,857,267,843,615,235,224,695,939,618,979,777,572,965,900,133,997,29,605,586,376,235,79,75,79,73,82,72,68,44,77,74,77,77,70,70,60,60,75,75,65,65,68,65,75,52,75,62,67,42,70,64,67,66
[1741791651.954721] [AOA] Measurement: 0,1741791651.925683,18:fd:74:45:73:4e,2,1,1,0,128,730,863,256,678,381,826,447,549,13,126,894,54,304,819,159,410,787,886,925,616,5,769,994,738,416,0,962,5,635,610,409,260,72,70,72,67,73,64,59,41,69,66,71,69,64,64,51,54,68,69,57,58,60,55,68,40,65,56,59,32,60,53,49,53
[1741791652.032244] [AOA] Measurement: 0,1741791652.004422,18:fd:74:45:73:4e,2,1,1,0,128,208,1008,745,835,392,822,413,564,16,99,836,44,829,6,142,421,780,932,467,848,977,771,4,724,478,995,1003,71,139,784,335,89,74,69,75,66,74,64,59,40,70,65,69,67,62,62,50,51,63,67,52,54,57,51,63,38,63,52,55,25,53,47,43,46
[1741791652.105335] [AOA] Measurement: 0,1741791652.075812,18:fd:74:45:73:4e,2,1,1,0,128,692,850,751,835,413,829,878,396,1023,123,859,30,253,791,154,423,837,958,454,773,482,993,15,752,983,173,925,16,647,638,792,520,91,90,95,86,96,85,81,53,90,87,93,93,83,83,74,73,89,90,77,79,84,79,92,66,91,77,85,51,84,79,78,80
[1741791652.185422] [AOA] Measurement: 0,1741791652.155660,18:fd:74:45:73:4e,2,1,1,0,128,680,857,775,855,947,979,860,361,476,919,300,853,312,862,601,211,831,965,450,800,568,4,571,943,942,136,995,20,195,844,326,130,73,71,73,67,77,64,59,41,70,67,72,70,60,64,52,52,65,67,54,58,60,54,67,40,66,56,61,30,59,56,53,57
[1741791652.265968] [AOA] Measurement: 0,1741791652.235729,18:fd:74:45:73:4e,2,1,1,0,128,723,833,791,868,909,1008,838,349,465,894,275,829,299,845,659,258,239,747,909,581,968,768,988,748,332,944,428,886,162,814,157,957,73,69,75,65,74,64,60,41,70,66,71,70,63,65,54,53,66,68,57,60,61,56,68,45,67,57,61,32,58,57,56,59
[1741791652.332727] [AOA] Measurement: 0,1741791652.305578,18:fd:74:45:73:4e,2,1,1,0,128,672,816,248,649,433,869,358,535,63,121,898,72,812,997,203,480,800,929,430,747,535,982,502,928,916,148,435,891,607,590,1017,912,92,90,96,84,96,84,79,51,89,86,89,90,81,80,69,70,86,84,71,74,78,72,84,57,85,72,79,43,77,74,70,73
[1741791652.403185] [AOA] Measurement: 0,1741791652.374456,18:fd:74:45:73:4e,2,1,1,0,128,705,842,809,891,907,1001,382,572,472,917,901,64,283,816,156,401,806,939,466,843,940,756,972,704,367,973,498,890,167,833,540,234,94,88,93,83,95,84,76,51,90,85,90,88,79,81,66,66,84,86,69,74,80,71,84,57,86,70,78,44,78,74,73,73
[1741791652.474892] [AOA] Measurement: 0,1741791652.445747,18:fd:74:45:73:4e,2,1,1,0,128,213,20,818,850,893,998,407,583,34,138,884,62,793,1,648,248,758,915,448,770,932,753,27,730,980,145,976,63,122,793,436,119,93,87,94,83,95,85,78,52,91,85,90,89,80,80,66,69,85,86,73,72,78,73,86,55,85,72,80,47,80,76,73,75
[1741791652.540372] [AOA] Measurement: 0,1741791652.514403,18:fd:74:45:73:4e,2,1,1,0,128,655,840,295,685,420,853,875,376,2,58,340,914,796,1006,617,176,219,710,919,574,1010,777,978,725,426,965,443,882,166,796,350,107,93,89,95,84,96,84,80,52,90,86,90,91,82,83,72,70,84,87,73,74,80,76,89,61,86,72,81,49,81,74,74,77
[1741791652.622444] [AOA] Measurement: 0,1741791652.585680,18:fd:74:45:73:4e,2,1,1,0,128,203,1001,838,867,411,830,825,278,500,949,850,19,825,1020,192,408,790,925,936,605,1003,824,513,918,878,128,445,818,585,582,696,487,91,86,91,80,91,80,72,51,86,80,85,82,73,76,57,63,77,79,59,66,66,59,75,40,70,60,64,26,59,58,52,54
[1741791652.693054] [AOA] Measurement: 0,1741791652.664555,18:fd:74:45:73:4e,2,1,1,0,128,720,848,193,632,465,839,380,587,998,74,880,68,799,997,575,177,251,719,878,551,1000,768,13,767,432,982,964,19,215,840,22,675,94,88,94,85,96,85,80,52,91,88,91,91,82,82,68,70,86,89,76,76,80,74,87,60,88,74,82,50,82,79,76,80
[1741791652.763980] [AOA] Measurement: 0,1741791652.734512,18:fd:74:45:73:4e,2,1,1,0,128,707,848,774,856,848,947,880,368,34,90,822,21,800,1021,132,408,205,714,907,588,1017,806,519,932,958,183,394,821,189,824,455,207,92,88,95,84,96,85,79,52,89,85,90,90,80,83,69,69,87,88,73,74,80,73,86,60,85,74,81,47,79,74,74,74
[1741791652.847038] [AOA] Measurement: 0,1741791652.817502,18:fd:74:45:73:4e,2,1,1,0,128,698,862,845,916,862,960,865,370,444,895,878,62,265,832,100,388,249,744,891,564,997,810,6,721,418,988,423,871,139,794,693,430,91,86,92,79,91,79,72,48,83,80,87,81,72,78,59,61,76,82,65,68,68,64,80,46,76,63,67,31,64,58,54,57
[1741791652.922772] [AOA] Measurement: 0,1741791652.894402,18:fd:74:45:73:4e,2,1,1,0,128,616,800,231,643,375,814,865,350,446,878,328,878,331,867,651,249,805,932,479,808,506,940,1010,729,424,992,966,2,139,778,949,665,73,71,75,68,77,65,59,40,70,66,72,71,64,64,52,53,66,70,58,59,63,57,69,46,69,58,63,36,64,58,57,61
[1741791652.995052] [AOA] Measurement: 0,1741791652.965528,18:fd:74:45:73:4e,2,1,1,0,128,156,992,789,868,937,1021,475,609,17,94,927,114,810,24,224,475,865,981,439,792,501,977,562,939,368,966,486,909,168,841,709,464,92,88,95,82,95,83,78,52,90,84,90,87,80,80,69,71,87,85,71,73,78,70,85,56,83,70,77,43,77,73,68,69
[1741791653.060323] [AOA] Measurement: 0,1741791653.034392,18:fd:74:45:73:4e,2,1,1,0,128,144,985,809,870,910,0,400,568,42,110,843,53,800,7,617,215,240,730,469,777,995,797,1010,737,414,988,1008,28,119,769,477,215,93,89,93,84,96,83,79,54,90,86,91,91,82,84,70,72,87,89,75,75,81,75,90,63,88,74,83,48,82,79,78,80
[1741791653.134174] [AOA] Measurement: 0,1741791653.105897,18:fd:74:45:73:4e,2,1,1,0,128,663,810,786,822,412,863,407,559,484,927,290,877,825,1021,148,388,742,904,938,597,983,794,551,962,981,160,944,26,115,765,264,80,75,71,76,68,76,66,60,42,69,66,72,69,61,65,51,52,67,69,55,59,60,54,67,40,64,53,60,34,61,55,52,55
[1741791653.205353] [AOA] Measurement: 0,1741791653.175691,18:fd:74:45:73:4e,2,1,1,0,128,234,1018,756,846,887,955,949,457,988,78,838,28,808,992,157,411,820,949,422,781,520,1004,457,931,876,131,440,880,634,628,277,44,73,71,72,65,75,63,57,40,68,63,70,66,58,64,47,49,60,65,50,53,55,49,63,34,58,49,53,22,50,46,44,46
[1741791653.285428] [AOA] Measurement: 0,1741791653.255644,18:fd:74:45:73:4e,2,1,1,0,128,700,819,269,682,968,1016,869,329,460,919,821,28,817,986,177,427,742,908,966,631,991,777,56,769,969,139,968,52,181,800,925,646,91,88,94,83,93,81,75,50,88,83,85,84,78,80,64,67,83,83,71,72,75,71,84,52,83,71,77,41,74,71,68,70
[1741791653.357848] [AOA] Measurement: 0,1741791653.329514,18:fd:74:45:73:4e,2,1,1,0,128,652,816,274,706,418,851,875,360,1017,76,803,17,793,982,632,266,211,734,904,625,934,767,1020,751,408,977,383,804,623,625,303,17,95,88,96,87,98,87,80,51,89,86,91,91,83,84,74,73,90,91,79,78,84,79,89,65,89,77,84,52,86,80,80,82
[1741791653.422006] [AOA] Measurement: 0,1741791653.394345,18:fd:74:45:73:4e,2,1,1,0,128,623,810,258,695,943,967,446,608,1,64,913,87,843,1023,139,423,810,927,415,812,558,4,510,925,887,150,982,54,172,847,210,880,74,69,73,65,76,65,60,40,69,66,70,66,62,64,50,52,66,66,53,57,59,55,66,40,64,53,57,29,58,52,47,52
[1741791653.503826] [AOA] Measurement: 0,1741791653.472626,18:fd:74:45:73:4e,2,1,1,0,128,667,832,795,879,923,1,439,637,974,77,850,40,835,1009,131,430,780,936,489,829,484,949,539,953,918,136,383,833,643,648,232,1004,94,89,94,83,96,86,80,52,91,88,92,94,85,83,75,75,90,90,80,79,87,83,92,69,94,79,87,58,86,85,82,86
[1741791653.566980] [AOA] Measurement: 0,1741791653.544410,18:fd:74:45:73:4e,2,1,1,0,128,643,804,251,698,401,823,897,371,424,916,281,844,312,885,630,209,243,730,876,527,21,797,7,759,985,163,446,897,628,607,641,432,95,89,94,82,96,86,79,52,90,86,92,93,84,83,73,71,88,90,79,75,82,78,91,65,91,75,82,52,84,81,81,79
[1741791653.627123] [AOA] Measurement: 0,1741791653.604543,18:fd:74:45:73:4e,2,1,1,0,128,699,811,198,658,371,817,868,330,566,928,342,897,822,14,620,216,260,750,910,586,993,786,0,740,342,928,437,877,644,620,951,698,95,89,94,84,95,83,76,51,89,85,91,90,79,80,67,68,86,86,73,75,79,73,87,57,87,72,80,45,77,74,72,72
[1741791653.687071] [AOA] Measurement: 0,1741791653.664437,18:fd:74:45:73:4e,2,1,1,0,128,661,837,235,676,337,806,920,386,469,919,851,39,828,1001,138,385,823,930,433,797,484,944,1,745,381,987,458,882,612,613,165,1000,94,89,96,84,95,84,76,50,88,86,90,90,82,80,65,68,83,85,72,71,75,71,88,54,82,70,76,42,76,70,68,71
[1741791653.747687] [AOA] Measurement: 0,1741791653.724403,18:fd:74:45:73:4e,2,1,1,0,128,699,852,739,811,335,778,843,318,490,940,891,68,771,971,188,421,231,724,430,783,509,959,970,769,425,995,452,856,146,771,929,779,74,71,75,67,77,66,60,41,72,70,74,73,65,66,55,57,69,69,58,59,62,58,70,45,68,58,62,36,64,58,57,58
[1741791653.807018] [AOA] Measurement: 0,1741791653.784466,18:fd:74:45:73:4e,2,1,1,0,128,659,811,274,655,366,799,905,358,415,878,338,865,297,822,662,244,208,739,927,578,21,821,950,714,415,945,428,859,650,591,332,96,78,73,76,68,78,69,64,42,73,71,75,74,66,67,59,59,71,72,64,63,69,64,73,53,75,64,69,44,70,66,67,68
[1741791653.879038] [AOA] Measurement: 0,1741791653.844676,18:fd:74:45:73:4e,2,1,1,0,128,685,844,273,661,960,1014,382,513,465,925,334,909,292,839,616,244,879,952,427,783,507,985,550,944,398,978,421,864,173,804,570,301,94,89,95,83,95,83,78,51,89,86,90,90,81,81,68,70,85,89,75,77,81,74,88,59,87,75,80,46,78,75,73,75
