[1741791635.780236] [AOA] Measurement: 0,1741791635.751196,78:9a:18:7c:fa:69,2,1,2,2,128,389,279,34,70,22,962,868,592,418,916,300,874,354,897,539,183,484,1013,190,921,709,73,800,984,929,154,812,92,219,880,152,9,82,80,81,84,72,77,55,75,78,71,80,78,82,74,81,76,70,72,65,73,74,68,80,64,82,69,73,51,76,74,74,79
[1741791635.861002] [AOA] Measurement: 0,1741791635.831670,78:9a:18:7c:fa:69,2,1,2,2,128,389,279,34,70,22,962,868,592,418,916,300,874,354,897,539,183,484,1013,190,921,709,73,800,984,929,154,812,92,219,880,152,9,82,80,81,84,72,77,55,75,78,71,80,78,82,74,81,76,70,72,65,73,74,68,80,64,82,69,73,51,76,74,74,79
[1741791635.938119] [AOA] Measurement: 0,1741791635.910187,78:9a:18:7c:fa:69,2,1,2,2,128,389,279,34,70,22,962,868,592,418,916,300,874,354,897,539,183,484,1013,190,921,709,73,800,984,929,154,812,92,219,880,152,9,81,80,78,83,70,75,51,72,77,68,79,75,80,74,79,75,66,71,62,69,70,66,75,61,80,65,71,47,72,71,71,76
[1741791636.010636] [AOA] Measurement: 0,1741791635.981555,78:9a:18:7c:fa:69,2,1,2,2,128,389,279,34,70,22,962,868,592,418,916,300,874,354,897,539,183,484,1013,190,921,709,73,800,984,929,154,812,92,219,880,152,9,82,80,81,84,72,77,55,75,78,71,80,78,82,74,81,76,70,72,65,73,74,68,80,64,82,69,73,51,76,74,74,79
[1741791636.078909] [AOA] Measurement: 0,1741791636.050178,78:9a:18:7c:fa:69,2,1,2,2,128,389,279,34,70,22,962,868,592,418,916,300,874,354,897,539,183,484,1013,190,921,709,73,800,984,929,154,812,92,219,880,152,9,81,80,78,83,70,75,51,72,77,68,79,75,80,74,79,75,66,71,62,69,70,66,75,61,80,65,71,47,72,71,71,76
[1741791636.150289] [AOA] Measurement: 0,1741791636.121140,78:9a:18:7c:fa:69,2,1,2,2,128,389,279,34,70,22,962,868,592,418,916,300,874,354,897,539,183,484,1013,190,921,709,73,800,984,929,154,812,92,219,880,152,9,82,80,81,84,72,77,55,75,78,71,80,78,82,74,81,76,70,72,65,73,74,68,80,64,82,69,73,51,76,74,74,79
[1741791636.217860] [AOA] Measurement: 0,1741791636.190178,78:9a:18:7c:fa:69,2,1,2,2,128,389,279,34,70,22,962,868,592,418,916,300,874,354,897,539,183,484,1013,190,921,709,73,800,984,929,154,812,92,219,880,152,9,81,80,78,83,70,75,51,72,77,68,79,75,80,74,79,75,66,71,62,69,70,66,75,61,80,65,71,47,72,71,71,76
[1741791636.287570] [AOA] Measurement: 0,1741791636.260303,78:9a:18:7c:fa:69,2,1,2,2,128,389,279,34,70,22,962,868,592,418,916,300,874,354,897,539,183,484,1013,190,921,709,73,800,984,929,154,812,92,219,880,152,9,82,80,81,84,72,77,55,75,78,71,80,78,82,74,81,76,70,72,65,73,74,68,80,64,82,69,73,51,76,74,74,79
[1741791636.361645] [AOA] Measurement: 0,1741791636.331505,78:9a:18:7c:fa:69,2,1,2,2,128,389,279,34,70,22,962,868,592,418,916,300,874,354,897,539,183,484,1013,190,921,709,73,800,984,929,154,812,92,219,880,152,9,81,80,78,83,70,75,51,72,77,68,79,75,80,74,79,75,66,71,62,69,70,66,75,61,80,65,71,47,72,71,71,76
[1741791636.437337] [AOA] Measurement: 0,1741791636.410288,78:9a:18:7c:fa:69,2,1,2,2,128,389,279,34,70,22,962,868,592,418,916,300,874,354,897,539,183,484,1013,190,921,709,73,800,984,929,154,812,92,219,880,152,9,82,80,81,84,72,77,55,75,78,71,80,78,82,74,81,76,70,72,65,73,74,68,80,64,82,69,73,51,76,74,74,79
[1741791636.510785] [AOA] Measurement: 0,1741791636.481555,78:9a:18:7c:fa:69,2,1,2,2,128,389,279,34,70,22,962,868,592,418,916,300,874,354,897,539,183,484,1013,190,921,709,73,800,984,929,154,812,92,219,880,152,9,81,80,78,83,70,75,51,72,77,68,79,75,80,74,79,75,66,71,62,69,70,66,75,61,80,65,71,47,72,71,71,76
[1741791636.578794] [AOA] Measurement: 0,1741791636.550291,78:9a:18:7c:fa:69,2,1,2,2,128,389,279,34,70,22,962,868,592,418,916,300,874,354,897,539,183,484,1013,190,921,709,73,800,984,929,154,812,92,219,880,152,9,81,80,78,83,70,75,51,72,77,68,79,75,80,74,79,75,66,71,62,69,70,66,75,61,80,65,71,47,72,71,71,76
[1741791636.650240] [AOA] Measurement: 0,1741791636.621077,78:9a:18:7c:fa:69,2,1,2,2,128,389,279,34,70,22,962,868,592,418,916,300,874,354,897,539,183,484,1013,190,921,709,73,800,984,929,154,812,92,219,880,152,9,82,80,81,84,72,77,55,75,78,71,80,78,82,74,81,76,70,72,65,73,74,68,80,64,82,69,73,51,76,74,74,79
[1741791636.717818] [AOA] Measurement: 0,1741791636.690306,78:9a:18:7c:fa:69,2,1,2,2,128,389,279,34,70,22,962,868,592,418,916,300,874,354,897,539,183,484,1013,190,921,709,73,800,984,929,154,812,92,219,880,152,9,81,80,78,83,70,75,51,72,77,68,79,75,80,74,79,75,66,71,62,69,70,66,75,61,80,65,71,47,72,71,71,76
[1741791636.786986] [AOA] Measurement: 0,1741791636.760348,78:9a:18:7c:fa:69,2,1,2,2,128,389,279,34,70,22,962,868,592,418,916,300,874,354,897,539,183,484,1013,190,921,709,73,800,984,929,154,812,92,219,880,152,9,82,80,81,84,72,77,55,75,78,71,80,78,82,74,81,76,70,72,65,73,74,68,80,64,82,69,73,51,76,74,74,79
[1741791636.863216] [AOA] Measurement: 0,1741791636.831508,78:9a:18:7c:fa:69,2,1,2,2,128,389,279,34,70,22,962,868,592,418,916,300,874,354,897,539,183,484,1013,190,921,709,73,800,984,929,154,812,92,219,880,152,9,65,42023,0,17218,64,12898,16,302,56584,20495,39535,279,9,30727,6298,64124,105,73,66,73,75,72,81,68,82,69,75,51,77,74,75,80
[1741791636.940509] [AOA] Measurement: 0,1741791636.911455,78:9a:18:7c:fa:69,2,1,2,2,128,389,279,34,70,22,962,868,592,418,916,300,874,354,897,539,183,484,1013,190,921,709,73,800,984,929,154,812,92,219,880,152,9,82,80,81,84,72,77,55,75,78,71,80,78,82,74,81,76,70,72,65,73,74,68,80,64,82,69,73,51,76,74,74,79
[1741791637.013233] [AOA] Measurement: 0,1741791636.981602,78:9a:18:7c:fa:69,2,1,2,2,128,389,279,34,70,22,962,868,592,418,916,300,874,354,897,539,183,484,1013,190,921,709,73,800,984,929,154,812,92,219,880,152,9,65,42023,0,17218,64,12898,16,302,56584,20495,39535,279,9,30727,6298,64124,105,73,66,73,75,72,81,68,82,69,75,51,77,74,75,80
[1741791637.078422] [AOA] Measurement: 0,1741791637.050286,78:9a:18:7c:fa:69,2,1,2,2,128,389,279,34,70,22,962,868,592,418,916,300,874,354,897,539,183,484,1013,190,921,709,73,800,984,929,154,812,92,219,880,152,9,82,80,81,84,72,77,55,75,78,71,80,78,82,74,81,76,70,72,65,73,74,68,80,64,82,69,73,51,76,74,74,79
[1741791637.147469] [AOA] Measurement: 0,1741791637.120281,78:9a:18:7c:fa:69,2,1,2,2,128,389,279,34,70,22,962,868,592,418,916,300,874,354,897,539,183,484,1013,190,921,709,73,800,984,929,154,812,92,219,880,152,9,81,80,78,83,70,75,51,72,77,68,79,75,80,74,79,75,66,71,62,69,70,66,75,61,80,65,71,47,72,71,71,76
[1741791637.220905] [AOA] Measurement: 0,1741791637.191575,78:9a:18:7c:fa:69,2,1,2,2,128,389,279,34,70,22,962,868,592,418,916,300,874,354,897,539,183,484,1013,190,921,709,73,800,984,929,154,812,92,219,880,152,9,82,80,81,84,72,77,55,75,78,71,80,78,82,74,81,76,70,72,65,73,74,68,80,64,82,69,73,51,76,74,74,79
[1741791637.288030] [AOA] Measurement: 0,1741791637.260215,78:9a:18:7c:fa:69,2,1,2,2,128,389,279,34,70,22,962,868,592,418,916,300,874,354,897,539,183,484,1013,190,921,709,73,800,984,929,154,812,92,219,880,152,9,81,80,78,83,70,75,51,72,77,68,79,75,80,74,79,75,66,71,62,69,70,66,75,61,80,65,71,47,72,71,71,76
[1741791637.362055] [AOA] Measurement: 0,1741791637.330301,78:9a:18:7c:fa:69,2,1,2,2,128,389,279,34,70,22,962,868,592,418,916,300,874,354,897,539,183,484,1013,190,921,709,73,800,984,929,154,812,92,219,880,152,9,65,42023,0,17218,64,12898,16,302,56584,20495,39535,279,9,30727,6298,64124,105,73,66,73,75,72,81,68,82,69,75,51,77,74,75,80
[1741791637.440559] [AOA] Measurement: 0,1741791637.411419,78:9a:18:7c:fa:69,2,1,2,2,128,389,279,34,70,22,962,868,592,418,916,300,874,354,897,539,183,484,1013,190,921,709,73,800,984,929,154,812,92,219,880,152,9,82,80,81,84,72,77,55,75,78,71,80,78,82,74,81,76,70,72,65,73,74,68,80,64,82,69,73,51,76,74,74,79
[1741791637.535839] [AOA] Measurement: 0,1741791637.490148,78:9a:18:7c:fa:69,2,1,2,2,128,389,279,34,70,22,962,868,592,418,916,300,874,354,897,539,183,484,1013,190,921,709,73,800,984,929,154,812,92,219,880,152,9,65,42023,0,17218,64,12898,16,302,56584,20495,39535,279,9,30727,6298,64124,105,73,66,73,75,72,81,68,82,69,75,51,77,74,75,80
[1741791637.610697] [AOA] Measurement: 0,1741791637.581473,78:9a:18:7c:fa:69,2,1,2,2,128,389,279,34,70,22,962,868,592,418,916,300,874,354,897,539,183,484,1013,190,921,709,73,800,984,929,154,812,92,219,880,152,9,82,80,81,84,72,77,55,75,78,71,80,78,82,74,81,76,70,72,65,73,74,68,80,64,82,69,73,51,76,74,74,79
[1741791637.680268] [AOA] Measurement: 0,1741791637.650287,78:9a:18:7c:fa:69,2,1,2,2,128,389,279,34,70,22,962,868,592,418,916,300,874,354,897,539,183,484,1013,190,921,709,73,800,984,929,154,812,92,219,880,152,9,65,42023,0,17218,64,12898,16,302,56584,20495,39535,279,9,30727,6298,64124,105,73,66,73,75,72,81,68,82,69,75,51,77,74,75,80
[1741791637.751017] [AOA] Measurement: 0,1741791637.721532,78:9a:18:7c:fa:69,2,1,2,2,128,389,279,34,70,22,962,868,592,418,916,300,874,354,897,539,183,484,1013,190,921,709,73,800,984,929,154,812,92,219,880,152,9,82,80,81,84,72,77,55,75,78,71,80,78,82,74,81,76,70,72,65,73,74,68,80,64,82,69,73,51,76,74,74,79
[1741791637.838433] [AOA] Measurement: 0,1741791637.800139,78:9a:18:7c:fa:69,2,1,2,2,128,389,279,34,70,22,962,868,592,418,916,300,874,354,897,539,183,484,1013,190,921,709,73,800,984,929,154,812,92,219,880,152,9,65,42023,0,17218,64,12898,16,302,56584,20495,39535,279,9,30727,6298,64124,105,73,66,73,75,72,81,68,82,69,75,51,77,74,75,80
[1741791637.907903] [AOA] Measurement: 0,1741791637.880277,78:9a:18:7c:fa:69,2,1,2,2,128,389,279,34,70,22,962,868,592,418,916,300,874,354,897,539,183,484,1013,190,921,709,73,800,984,929,154,812,92,219,880,152,9,82,80,81,84,72,77,55,75,78,71,80,78,82,74,81,76,70,72,65,73,74,68,80,64,82,69,73,51,76,74,74,79
[1741791637.983030] [AOA] Measurement: 0,1741791637.951541,78:9a:18:7c:fa:69,2,1,2,2,128,389,279,34,70,22,962,868,592,418,916,300,874,354,897,539,183,484,1013,190,921,709,73,800,984,929,154,812,92,219,880,152,9,65,42023,0,17218,64,12898,16,302,56584,20495,39535,279,9,30727,6298,64124,105,73,66,73,75,72,81,68,82,69,75,51,77,74,75,80
[1741791638.048467] [AOA] Measurement: 0,1741791638.020231,78:9a:18:7c:fa:69,2,1,2,2,128,389,279,34,70,22,962,868,592,418,916,300,874,354,897,539,183,484,1013,190,921,709,73,800,984,929,154,812,92,219,880,152,9,65,42023,0,17218,64,12898,16,302,56584,20495,39535,279,9,30727,6298,64124,105,73,66,73,75,72,81,68,82,69,75,51,77,74,75,80
[1741791638.118591] [AOA] Measurement: 0,1741791638.090154,78:9a:18:7c:fa:69,2,1,2,2,128,389,279,34,70,22,962,868,592,418,916,300,874,354,897,539,183,484,1013,190,921,709,73,800,984,929,154,812,92,219,880,152,9,82,80,81,84,72,77,55,75,78,71,80,78,82,74,81,76,70,72,65,73,74,68,80,64,82,69,73,51,76,74,74,79
[1741791638.192997] [AOA] Measurement: 0,1741791638.161514,78:9a:18:7c:fa:69,2,1,2,2,128,389,279,34,70,22,962,868,592,418,916,300,874,354,897,539,183,484,1013,190,921,709,73,800,984,929,154,812,92,219,880,152,9,65,42023,0,17218,64,12898,16,302,56584,20495,39535,279,9,30727,6298,64124,105,73,66,73,75,72,81,68,82,69,75,51,77,74,75,80
[1741791638.273133] [AOA] Measurement: 0,1741791638.241575,78:9a:18:7c:fa:69,2,1,2,2,128,389,279,34,70,22,962,868,592,418,916,300,874,354,897,539,183,484,1013,190,921,709,73,800,984,929,154,812,92,219,880,152,9,65,42023,0,17218,64,12898,16,302,56584,20495,39535,279,9,30727,6298,64124,105,71,61,67,70,63,72,59,76,61,67,43,69,68,65,75
[1741791638.338311] [AOA] Measurement: 0,1741791638.310171,78:9a:18:7c:fa:69,2,1,2,2,128,389,279,34,70,22,962,868,592,418,916,300,874,354,897,539,183,484,1013,190,921,709,73,800,984,929,154,812,92,219,880,152,9,65,42023,0,17218,64,12898,16,302,56584,20495,39535,279,9,30727,6298,64124,105,73,66,73,75,72,81,68,82,69,75,51,77,74,75,80
[1741791638.424800] [AOA] Measurement: 0,1741791638.380202,78:9a:18:7c:fa:69,2,1,2,2,128,389,279,34,70,22,962,868,592,418,916,300,874,354,897,539,183,484,1013,190,921,709,73,800,984,929,154,812,92,219,880,152,9,65,42023,0,17218,64,12898,16,302,56584,20495,39535,279,9,30727,6298,64124,105,71,61,67,70,63,72,59,76,61,67,43,69,68,65,75
[1741791638.502047] [AOA] Measurement: 0,1741791638.475863,78:9a:18:7c:fa:69,2,1,2,2,128,389,279,34,70,22,962,868,592,418,916,300,874,354,897,539,183,484,1013,190,921,709,73,800,984,929,154,812,92,219,880,152,9,65,42023,0,17218,64,12898,16,302,56584,20495,39535,279,9,30727,6298,64124,105,73,66,73,75,72,81,68,82,69,75,51,77,74,75,80
[1741791638.567664] [AOA] Measurement: 0,1741791638.540239,78:9a:18:7c:fa:69,2,1,2,2,128,389,279,34,70,22,962,868,592,418,916,300,874,354,897,539,183,484,1013,190,921,709,73,800,984,929,154,812,92,219,880,152,9,82,80,81,84,72,77,55,75,78,71,80,78,82,74,81,76,70,72,65,73,74,68,80,64,82,69,73,51,76,74,74,79
[1741791638.641795] [AOA] Measurement: 0,1741791638.610173,78:9a:18:7c:fa:69,2,1,2,2,128,389,279,34,70,22,962,868,592,418,916,300,874,354,897,539,183,484,1013,190,921,709,73,800,984,929,154,812,92,219,880,152,9,65,42023,0,17218,64,12898,16,302,56584,20495,39535,279,9,30727,6298,64124,105,73,66,73,75,72,81,68,82,69,75,51,77,74,75,80
[1741791638.721636] [AOA] Measurement: 0,1741791638.691438,78:9a:18:7c:fa:69,2,1,2,2,128,389,279,34,70,22,962,868,592,418,916,300,874,354,897,539,183,484,1013,190,921,709,73,800,984,929,154,812,92,219,880,152,9,82,80,81,84,72,77,55,75,78,71,80,78,82,74,81,76,70,72,65,73,74,68,80,64,82,69,73,51,76,74,74,79
[1741791638.793231] [AOA] Measurement: 0,1741791638.761577,78:9a:18:7c:fa:69,2,1,2,2,128,389,279,34,70,22,962,868,592,418,916,300,874,354,897,539,183,484,1013,190,921,709,73,800,984,929,154,812,92,219,880,152,9,65,42023,0,17218,64,12898,16,302,56584,20495,39535,279,9,30727,6298,64124,105,71,61,67,70,63,72,59,76,61,67,43,69,68,65,75
[1741791638.862219] [AOA] Measurement: 0,1741791638.831593,78:9a:18:7c:fa:69,2,1,2,2,128,389,279,34,70,22,962,868,592,418,916,300,874,354,897,539,183,484,1013,190,921,709,73,800,984,929,154,812,92,219,880,152,9,65,42023,0,17218,64,12898,16,302,56584,20495,39535,279,9,30727,6298,64124,105,73,66,73,75,72,81,68,82,69,75,51,77,74,75,80
[1741791638.931886] [AOA] Measurement: 0,1741791638.900277,78:9a:18:7c:fa:69,2,1,2,2,128,389,279,34,70,22,962,868,592,418,916,300,874,354,897,539,183,484,1013,190,921,709,73,800,984,929,154,812,92,219,880,152,9,65,42023,0,17218,64,12898,16,302,56584,20495,39535,279,9,30727,6298,64124,105,71,61,67,70,63,72,59,76,61,67,43,69,68,65,75
[1741791639.024914] [AOA] Measurement: 0,1741791638.980194,78:9a:18:7c:fa:69,2,1,2,2,128,389,279,34,70,22,962,868,592,418,916,300,874,354,897,539,183,484,1013,190,921,709,73,800,984,929,154,812,92,219,880,152,9,65,42023,0,17218,64,12898,16,302,56584,20495,39535,279,9,30727,6298,64124,105,73,66,73,75,72,81,68,82,69,75,51,77,74,75,80
[1741791639.103018] [AOA] Measurement: 0,1741791639.071487,78:9a:18:7c:fa:69,2,1,2,2,128,389,279,34,70,22,962,868,592,418,916,300,874,354,897,539,183,484,1013,190,921,709,73,800,984,929,154,812,92,219,880,152,9,65,42023,0,17218,64,12898,16,302,56584,20495,39535,279,9,30727,6298,64124,105,71,61,67,70,63,72,59,76,61,67,43,69,68,65,75
[1741791639.170803] [AOA] Measurement: 0,1741791639.140239,78:9a:18:7c:fa:69,2,1,2,2,128,389,279,34,70,22,962,868,592,418,916,300,874,354,897,539,183,484,1013,190,921,709,73,800,984,929,154,812,92,219,880,152,9,65,42023,0,17218,64,12898,16,302,56584,20495,39535,279,9,30727,6298,64124,105,73,66,73,75,72,81,68,82,69,75,51,77,74,75,80
[1741791639.243080] [AOA] Measurement: 0,1741791639.211469,78:9a:18:7c:fa:69,2,1,2,2,128,389,279,34,70,22,962,868,592,418,916,300,874,354,897,539,183,484,1013,190,921,709,73,800,984,929,154,812,92,219,880,152,9,65,42023,0,17218,64,12898,16,302,56584,20495,39535,279,9,30727,6298,64124,105,71,61,67,70,63,72,59,76,61,67,43,69,68,65,75
[1741791639.326693] [AOA] Measurement: 0,1741791639.295017,78:9a:18:7c:fa:69,2,1,2,2,128,389,279,34,70,22,962,868,592,418,916,300,874,354,897,539,183,484,1013,190,921,709,73,800,984,929,154,812,92,219,880,152,9,65,42023,0,17218,64,12898,16,302,56584,20495,39535,279,9,30727,6298,64124,105,73,66,73,75,72,81,68,82,69,75,51,77,74,75,80
[1741791639.414019] [AOA] Measurement: 0,1741791639.370265,78:9a:18:7c:fa:69,2,1,2,2,128,389,279,34,70,22,962,868,592,418,916,300,874,354,897,539,183,484,1013,190,921,709,73,800,984,929,154,812,92,219,880,152,9,65,42023,0,17218,64,12898,16,302,56584,20495,39535,279,9,30727,6298,64124,105,71,61,67,70,63,72,59,76,61,67,43,69,68,65,75
[1741791639.493078] [AOA] Measurement: 0,1741791639.461443,78:9a:18:7c:fa:69,2,1,2,2,128,389,279,34,70,22,962,868,592,418,916,300,874,354,897,539,183,484,1013,190,921,709,73,800,984,929,154,812,92,219,880,152,9,65,42023,0,17218,64,12898,16,302,56584,20495,39535,279,9,30727,6298,64124,105,71,61,67,70,63,72,59,76,61,67,43,69,68,65,75
[1741791639.573104] [AOA] Measurement: 0,1741791639.541514,78:9a:18:7c:fa:69,2,1,2,2,128,389,279,34,70,22,962,868,592,418,916,300,874,354,897,539,183,484,1013,190,921,709,73,800,984,929,154,812,92,219,880,152,9,65,42023,0,17218,64,12898,16,302,56584,20495,39535,279,9,30727,6298,64124,105,73,66,73,75,72,81,68,82,69,75,51,77,74,75,80
[1741791639.666579] [AOA] Measurement: 0,1741791639.621458,78:9a:18:7c:fa:69,2,1,2,2,128,389,279,34,70,22,962,868,592,418,916,300,874,354,897,539,183,484,1013,190,921,709,73,800,984,929,154,812,92,219,880,152,9,65,42023,0,17218,64,12898,16,302,56584,20495,39535,279,9,30727,6298,64124,105,71,61,67,70,63,72,59,76,61,67,43,69,68,65,75
[1741791639.740824] [AOA] Measurement: 0,1741791639.711417,78:9a:18:7c:fa:69,2,1,2,2,128,389,279,34,70,22,962,868,592,418,916,300,874,354,897,539,183,484,1013,190,921,709,73,800,984,929,154,812,92,219,880,152,9,81,80,78,83,70,75,51,72,77,68,79,75,80,74,79,75,66,71,62,69,70,66,75,61,80,65,71,47,72,71,71,76
[1741791639.822063] [AOA] Measurement: 0,1741791639.790410,78:9a:18:7c:fa:69,2,1,2,2,128,389,279,34,70,22,962,868,592,418,916,300,874,354,897,539,183,484,1013,190,921,709,73,800,984,929,154,812,92,219,880,152,9,65,42023,0,17218,64,12898,16,302,56584,20495,39535,279,9,30727,6298,64124,105,71,61,67,70,63,72,59,76,61,67,43,69,68,65,75
[1741791639.900567] [AOA] Measurement: 0,1741791639.871385,78:9a:18:7c:fa:69,2,1,2,2,128,389,279,34,70,22,962,868,592,418,916,300,874,354,897,539,183,484,1013,190,921,709,73,800,984,929,154,812,92,219,880,152,9,81,80,78,83,70,75,51,72,77,68,79,75,80,74,79,75,66,71,62,69,70,66,75,61,80,65,71,47,72,71,71,76
[1741791639.973817] [AOA] Measurement: 0,1741791639.942349,78:9a:18:7c:fa:69,2,1,2,2,128,389,279,34,70,22,962,868,592,418,916,300,874,354,897,539,183,484,1013,190,921,709,73,800,984,929,154,812,92,219,880,152,9,65,42023,0,17218,64,12898,16,302,56584,20495,39535,279,9,30727,6298,64124,105,71,61,67,70,63,72,59,76,61,67,43,69,68,65,75
[1741791640.042090] [AOA] Measurement: 0,1741791640.011790,78:9a:18:7c:fa:69,2,1,2,2,128,389,279,34,70,22,962,868,592,418,916,300,874,354,897,539,183,484,1013,190,921,709,73,800,984,929,154,812,92,219,880,152,9,65,42023,0,17218,64,12898,16,302,56584,20495,39535,279,9,30727,6298,64124,105,73,66,73,75,72,81,68,82,69,75,51,77,74,75,80
[1741791640.112246] [AOA] Measurement: 0,1741791640.080312,78:9a:18:7c:fa:69,2,1,2,2,128,389,279,34,70,22,962,868,592,418,916,300,874,354,897,539,183,484,1013,190,921,709,73,800,984,929,154,812,92,219,880,152,9,65,42023,0,17218,64,12898,16,302,56584,20495,39535,279,9,30727,6298,64124,105,71,61,67,70,63,72,59,76,61,67,43,69,68,65,75
[1741791640.183576] [AOA] Measurement: 0,1741791640.151644,78:9a:18:7c:fa:69,2,1,2,2,128,389,279,34,70,22,962,868,592,418,916,300,874,354,897,539,183,484,1013,190,921,709,73,800,984,929,154,812,92,219,880,152,9,65,42023,0,17218,64,12898,16,302,56584,20495,39535,279,9,30727,6298,64124,105,71,61,67,70,63,72,59,76,61,67,43,69,68,65,75
[1741791640.266944] [AOA] Measurement: 0,1741791640.221429,78:9a:18:7c:fa:69,2,1,2,2,128,389,279,34,70,22,962,868,592,418,916,300,874,354,897,539,183,484,1013,190,921,709,73,800,984,929,154,812,92,219,880,152,9,65,42023,0,17218,64,12898,16,302,56584,20495,39535,279,9,30727,6298,64124,105,73,66,73,75,72,81,68,82,69,75,51,77,74,75,80
[1741791640.343051] [AOA] Measurement: 0,1741791640.311483,78:9a:18:7c:fa:69,2,1,2,2,128,389,279,34,70,22,962,868,592,418,916,300,874,354,897,539,183,484,1013,190,921,709,73,800,984,929,154,812,92,219,880,152,9,65,42023,0,17218,64,12898,16,302,56584,20495,39535,279,9,30727,6298,64124,105,71,61,67,70,63,72,59,76,61,67,43,69,68,65,75
[1741791640.423317] [AOA] Measurement: 0,1741791640.391407,78:9a:18:7c:fa:69,2,1,2,2,128,389,279,34,70,22,962,868,592,418,916,300,874,354,897,539,183,484,1013,190,921,709,73,800,984,929,154,812,92,219,880,152,9,65,42023,0,17218,64,12898,16,302,56584,20495,39535,279,9,30727,6298,64124,105,73,66,73,75,72,81,68,82,69,75,51,77,74,75,80
[1741791640.501170] [AOA] Measurement: 0,1741791640.461458,78:9a:18:7c:fa:69,2,1,2,2,128,389,279,34,70,22,962,868,592,418,916,300,874,354,897,539,183,484,1013,190,921,709,73,800,984,929,154,812,92,219,880,152,9,65,42023,0,17218,64,12898,16,302,56584,20495,39535,279,9,30727,6298,64124,105,71,61,67,70,63,72,59,76,61,67,43,69,68,65,75
[1741791640.573268] [AOA] Measurement: 0,1741791640.541670,78:9a:18:7c:fa:69,2,1,2,2,128,389,279,34,70,22,962,868,592,418,916,300,874,354,897,539,183,484,1013,190,921,709,73,800,984,929,154,812,92,219,880,152,9,65,42023,0,17218,64,12898,16,302,56584,20495,39535,279,9,30727,6298,64124,105,73,66,73,75,72,81,68,82,69,75,51,77,74,75,80
[1741791640.640388] [AOA] Measurement: 0,1741791640.610210,78:9a:18:7c:fa:69,2,1,2,2,128,389,279,34,70,22,962,868,592,418,916,300,874,354,897,539,183,484,1013,190,921,709,73,800,984,929,154,812,92,219,880,152,9,65,42023,0,17218,64,12898,16,302,56584,20495,39535,279,9,30727,6298,64124,105,71,61,67,70,63,72,59,76,61,67,43,69,68,65,75
[1741791640.713482] [AOA] Measurement: 0,1741791640.681486,78:9a:18:7c:fa:69,2,1,2,2,128,389,279,34,70,22,962,868,592,418,916,300,874,354,897,539,183,484,1013,190,921,709,73,800,984,929,154,812,92,219,880,152,9,65,42023,0,17218,64,12898,16,302,56584,20495,39535,279,9,30727,6298,64124,105,73,66,73,75,72,81,68,82,69,75,51,77,74,75,80
[1741791640.783466] [AOA] Measurement: 0,1741791640.751603,78:9a:18:7c:fa:69,2,1,2,2,128,389,279,34,70,22,962,868,592,418,916,300,874,354,897,539,183,484,1013,190,921,709,73,800,984,929,154,812,92,219,880,152,9,65,42023,0,17218,64,12898,16,302,56584,20495,39535,279,9,30727,6298,64124,105,71,61,67,70,63,72,59,76,61,67,43,69,68,65,75
[1741791640.858743] [AOA] Measurement: 0,1741791640.821396,78:9a:18:7c:fa:69,2,1,2,2,128,389,279,34,70,22,962,868,592,418,916,300,874,354,897,539,183,484,1013,190,921,709,73,800,984,929,154,812,92,219,880,152,9,65,42023,0,17218,64,12898,16,302,56584,20495,39535,279,9,30727,6298,64124,105,73,66,73,75,72,81,68,82,69,75,51,77,74,75,80
[1741791640.930722] [AOA] Measurement: 0,1741791640.900258,78:9a:18:7c:fa:69,2,1,2,2,128,389,279,34,70,22,962,868,592,418,916,300,874,354,897,539,183,484,1013,190,921,709,73,800,984,929,154,812,92,219,880,152,9,65,42023,0,17218,64,12898,16,302,56584,20495,39535,279,9,30727,6298,64124,105,73,66,73,75,72,81,68,82,69,75,51,77,74,75,80
[1741791641.003150] [AOA] Measurement: 0,1741791640.971571,78:9a:18:7c:fa:69,2,1,2,2,128,389,279,34,70,22,962,868,592,418,916,300,874,354,897,539,183,484,1013,190,921,709,73,800,984,929,154,812,92,219,880,152,9,65,42023,0,17218,64,12898,16,302,56584,20495,39535,279,9,30727,6298,64124,105,71,61,67,70,63,72,59,76,61,67,43,69,68,65,75
[1741791641.068237] [AOA] Measurement: 0,1741791641.040219,78:9a:18:7c:fa:69,2,1,2,2,128,389,279,34,70,22,962,868,592,418,916,300,874,354,897,539,183,484,1013,190,921,709,73,800,984,929,154,812,92,219,880,152,9,65,42023,0,17218,64,12898,16,302,56584,20495,39535,279,9,30727,6298,64124,105,73,66,73,75,72,81,68,82,69,75,51,77,74,75,80
[1741791641.139059] [AOA] Measurement: 0,1741791641.110180,78:9a:18:7c:fa:69,2,1,2,2,128,389,279,34,70,22,962,868,592,418,916,300,874,354,897,539,183,484,1013,190,921,709,73,800,984,929,154,812,92,219,880,152,9,82,80,81,84,72,77,55,75,78,71,80,78,82,74,81,76,70,72,65,73,74,68,80,64,82,69,73,51,76,74,74,79
[1741791641.213281] [AOA] Measurement: 0,1741791641.181658,78:9a:18:7c:fa:69,2,1,2,2,128,389,279,34,70,22,962,868,592,418,916,300,874,354,897,539,183,484,1013,190,921,709,73,800,984,929,154,812,92,219,880,152,9,65,42023,0,17218,64,12898,16,302,56584,20495,39535,279,9,30727,6298,64124,105,73,66,73,75,72,81,68,82,69,75,51,77,74,75,80
[1741791641.277699] [AOA] Measurement: 0,1741791641.250168,78:9a:18:7c:fa:69,2,1,2,2,128,389,279,34,70,22,962,868,592,418,916,300,874,354,897,539,183,484,1013,190,921,709,73,800,984,929,154,812,92,219,880,152,9,82,80,81,84,72,77,55,75,78,71,80,78,82,74,81,76,70,72,65,73,74,68,80,64,82,69,73,51,76,74,74,79
[1741791641.351917] [AOA] Measurement: 0,1741791641.320319,78:9a:18:7c:fa:69,2,1,2,2,128,389,279,34,70,22,962,868,592,418,916,300,874,354,897,539,183,484,1013,190,921,709,73,800,984,929,154,812,92,219,880,152,9,65,42023,0,17218,64,12898,16,302,56584,20495,39535,279,9,30727,6298,64124,105,73,66,73,75,72,81,68,82,69,75,51,77,74,75,80
[1741791641.445395] [AOA] Measurement: 0,1741791641.400175,78:9a:18:7c:fa:69,2,1,2,2,128,389,279,34,70,22,962,868,592,418,916,300,874,354,897,539,183,484,1013,190,921,709,73,800,984,929,154,812,92,219,880,152,9,65,42023,0,17218,64,12898,16,302,56584,20495,39535,279,9,30727,6298,64124,105,71,61,67,70,63,72,59,76,61,67,43,69,68,65,75
[1741791641.522782] [AOA] Measurement: 0,1741791641.491163,78:9a:18:7c:fa:69,2,1,2,2,128,389,279,34,70,22,962,868,592,418,916,300,874,354,897,539,183,484,1013,190,921,709,73,800,984,929,154,812,92,219,880,152,9,65,42023,0,17218,64,12898,16,302,56584,20495,39535,279,9,30727,6298,64124,105,73,66,73,75,72,81,68,82,69,75,51,77,74,75,80
[1741791641.593118] [AOA] Measurement: 0,1741791641.561392,78:9a:18:7c:fa:69,2,1,2,2,128,389,279,34,70,22,962,868,592,418,916,300,874,354,897,539,183,484,1013,190,921,709,73,800,984,929,154,812,92,219,880,152,9,65,42023,0,17218,64,12898,16,302,56584,20495,39535,279,9,30727,6298,64124,105,71,61,67,70,63,72,59,76,61,67,43,69,68,65,75
[1741791641.658156] [AOA] Measurement: 0,1741791641.630168,78:9a:18:7c:fa:69,2,1,2,2,128,389,279,34,70,22,962,868,592,418,916,300,874,354,897,539,183,484,1013,190,921,709,73,800,984,929,154,812,92,219,880,152,9,82,80,81,84,72,77,55,75,78,71,80,78,82,74,81,76,70,72,65,73,74,68,80,64,82,69,73,51,76,74,74,79
[1741791641.733508] [AOA] Measurement: 0,1741791641.701441,78:9a:18:7c:fa:69,2,1,2,2,128,389,279,34,70,22,962,868,592,418,916,300,874,354,897,539,183,484,1013,190,921,709,73,800,984,929,154,812,92,219,880,152,9,65,42023,0,17218,64,12898,16,302,56584,20495,39535,279,9,30727,6298,64124,105,73,66,73,75,72,81,68,82,69,75,51,77,74,75,80
[1741791641.810694] [AOA] Measurement: 0,1741791641.781499,78:9a:18:7c:fa:69,2,1,2,2,128,389,279,34,70,22,962,868,592,418,916,300,874,354,897,539,183,484,1013,190,921,709,73,800,984,929,154,812,92,219,880,152,9,82,80,81,84,72,77,55,75,78,71,80,78,82,74,81,76,70,72,65,73,74,68,80,64,82,69,73,51,76,74,74,79
[1741791641.882572] [AOA] Measurement: 0,1741791641.852332,78:9a:18:7c:fa:69,2,1,2,2,128,389,279,34,70,22,962,868,592,418,916,300,874,354,897,539,183,484,1013,190,921,709,73,800,984,929,154,812,92,219,880,152,9,65,42023,0,17218,64,12898,16,302,56584,20495,39535,279,9,30727,6298,64124,105,73,66,73,75,72,81,68,82,69,75,51,77,74,75,80
[1741791641.946992] [AOA] Measurement: 0,1741791641.920302,78:9a:18:7c:fa:69,2,1,2,2,128,389,279,34,70,22,962,868,592,418,916,300,874,354,897,539,183,484,1013,190,921,709,73,800,984,929,154,812,92,219,880,152,9,82,80,81,84,72,77,55,75,78,71,80,78,82,74,81,76,70,72,65,73,74,68,80,64,82,69,73,51,76,74,74,79
[1741791642.023533] [AOA] Measurement: 0,1741791641.991476,78:9a:18:7c:fa:69,2,1,2,2,128,389,279,34,70,22,962,868,592,418,916,300,874,354,897,539,183,484,1013,190,921,709,73,800,984,929,154,812,92,219,880,152,9,65,42023,0,17218,64,12898,16,302,56584,20495,39535,279,9,30727,6298,64124,105,73,66,73,75,72,81,68,82,69,75,51,77,74,75,80
[1741791642.100770] [AOA] Measurement: 0,1741791642.071437,78:9a:18:7c:fa:69,2,1,2,2,128,389,279,34,70,22,962,868,592,418,916,300,874,354,897,539,183,484,1013,190,921,709,73,800,984,929,154,812,92,219,880,152,9,82,80,81,84,72,77,55,75,78,71,80,78,82,74,81,76,70,72,65,73,74,68,80,64,82,69,73,51,76,74,74,79
[1741791642.181736] [AOA] Measurement: 0,1741791642.150340,78:9a:18:7c:fa:69,2,1,2,2,128,389,279,34,70,22,962,868,592,418,916,300,874,354,897,539,183,484,1013,190,921,709,73,800,984,929,154,812,92,219,880,152,9,65,42023,0,17218,64,12898,16,302,56584,20495,39535,279,9,30727,6298,64124,105,73,66,73,75,72,81,68,82,69,75,51,77,74,75,80
[1741791642.258183] [AOA] Measurement: 0,1741791642.230147,78:9a:18:7c:fa:69,2,1,2,2,128,389,279,34,70,22,962,868,592,418,916,300,874,354,897,539,183,484,1013,190,921,709,73,800,984,929,154,812,92,219,880,152,9,82,80,81,84,72,77,55,75,78,71,80,78,82,74,81,76,70,72,65,73,74,68,80,64,82,69,73,51,76,74,74,79
[1741791642.333564] [AOA] Measurement: 0,1741791642.301447,78:9a:18:7c:fa:69,2,1,2,2,128,389,279,34,70,22,962,868,592,418,916,300,874,354,897,539,183,484,1013,190,921,709,73,800,984,929,154,812,92,219,880,152,9,65,42023,0,17218,64,12898,16,302,56584,20495,39535,279,9,30727,6298,64124,105,73,66,73,75,72,81,68,82,69,75,51,77,74,75,80
[1741791642.400513] [AOA] Measurement: 0,1741791642.370206,78:9a:18:7c:fa:69,2,1,2,2,128,389,279,34,70,22,962,868,592,418,916,300,874,354,897,539,183,484,1013,190,921,709,73,800,984,929,154,812,92,219,880,152,9,65,42023,0,17218,64,12898,16,302,56584,20495,39535,279,9,30727,6298,64124,105,73,66,73,75,72,81,68,82,69,75,51,77,74,75,80
[1741791642.470658] [AOA] Measurement: 0,1741791642.441485,78:9a:18:7c:fa:69,2,1,2,2,128,389,279,34,70,22,962,868,592,418,916,300,874,354,897,539,183,484,1013,190,921,709,73,800,984,929,154,812,92,219,880,152,9,82,80,81,84,72,77,55,75,78,71,80,78,82,74,81,76,70,72,65,73,74,68,80,64,82,69,73,51,76,74,74,79
[1741791642.547606] [AOA] Measurement: 0,1741791642.520327,78:9a:18:7c:fa:69,2,1,2,2,128,389,279,34,70,22,962,868,592,418,916,300,874,354,897,539,183,484,1013,190,921,709,73,800,984,929,154,812,92,219,880,152,9,81,80,78,83,70,75,51,72,77,68,79,75,80,74,79,75,66,71,62,69,70,66,75,61,80,65,71,47,72,71,71,76
[1741791642.620593] [AOA] Measurement: 0,1741791642.591490,78:9a:18:7c:fa:69,2,1,2,2,128,389,279,34,70,22,962,868,592,418,916,300,874,354,897,539,183,484,1013,190,921,709,73,800,984,929,154,812,92,219,880,152,9,82,80,81,84,72,77,55,75,78,71,80,78,82,74,81,76,70,72,65,73,74,68,80,64,82,69,73,51,76,74,74,79
[1741791642.688904] [AOA] Measurement: 0,1741791642.660205,78:9a:18:7c:fa:69,2,1,2,2,128,389,279,34,70,22,962,868,592,418,916,300,874,354,897,539,183,484,1013,190,921,709,73,800,984,929,154,812,92,219,880,152,9,81,80,78,83,70,75,51,72,77,68,79,75,80,74,79,75,66,71,62,69,70,66,75,61,80,65,71,47,72,71,71,76
[1741791642.760121] [AOA] Measurement: 0,1741791642.731041,78:9a:18:7c:fa:69,2,1,2,2,128,389,279,34,70,22,962,868,592,418,916,300,874,354,897,539,183,484,1013,190,921,709,73,800,984,929,154,812,92,219,880,152,9,82,80,81,84,72,77,55,75,78,71,80,78,82,74,81,76,70,72,65,73,74,68,80,64,82,69,73,51,76,74,74,79
[1741791642.830682] [AOA] Measurement: 0,1741791642.800229,78:9a:18:7c:fa:69,2,1,2,2,128,389,279,34,70,22,962,868,592,418,916,300,874,354,897,539,183,484,1013,190,921,709,73,800,984,929,154,812,92,219,880,152,9,65,42023,0,17218,64,12898,16,302,56584,20495,39535,279,9,30727,6298,64124,105,73,66,73,75,72,81,68,82,69,75,51,77,74,75,80
[1741791642.900858] [AOA] Measurement: 0,1741791642.871477,78:9a:18:7c:fa:69,2,1,2,2,128,389,279,34,70,22,962,868,592,418,916,300,874,354,897,539,183,484,1013,190,921,709,73,800,984,929,154,812,92,219,880,152,9,82,80,81,84,72,77,55,75,78,71,80,78,82,74,81,76,70,72,65,73,74,68,80,64,82,69,73,51,76,74,74,79
[1741791642.973068] [AOA] Measurement: 0,1741791642.941637,78:9a:18:7c:fa:69,2,1,2,2,128,389,279,34,70,22,962,868,592,418,916,300,874,354,897,539,183,484,1013,190,921,709,73,800,984,929,154,812,92,219,880,152,9,65,42023,0,17218,64,12898,16,302,56584,20495,39535,279,9,30727,6298,64124,105,73,66,73,75,72,81,68,82,69,75,51,77,74,75,80
[1741791643.038473] [AOA] Measurement: 0,1741791643.010242,78:9a:18:7c:fa:69,2,1,2,2,128,389,279,34,70,22,962,868,592,418,916,300,874,354,897,539,183,484,1013,190,921,709,73,800,984,929,154,812,92,219,880,152,9,82,80,81,84,72,77,55,75,78,71,80,78,82,74,81,76,70,72,65,73,74,68,80,64,82,69,73,51,76,74,74,79
[1741791643.112915] [AOA] Measurement: 0,1741791643.083794,78:9a:18:7c:fa:69,2,1,2,2,128,389,279,34,70,22,962,868,592,418,916,300,874,354,897,539,183,484,1013,190,921,709,73,800,984,929,154,812,92,219,880,152,9,82,80,81,84,72,77,55,75,78,71,80,78,82,74,81,76,70,72,65,73,74,68,80,64,82,69,73,51,76,74,74,79
[1741791643.190501] [AOA] Measurement: 0,1741791643.151474,78:9a:18:7c:fa:69,2,1,2,2,128,389,279,34,70,22,962,868,592,418,916,300,874,354,897,539,183,484,1013,190,921,709,73,800,984,929,154,812,92,219,880,152,9,81,80,78,83,70,75,51,72,77,68,79,75,80,74,79,75,66,71,62,69,70,66,75,61,80,65,71,47,72,71,71,76
[1741791643.260727] [AOA] Measurement: 0,1741791643.231403,78:9a:18:7c:fa:69,2,1,2,2,128,389,279,34,70,22,962,868,592,418,916,300,874,354,897,539,183,484,1013,190,921,709,73,800,984,929,154,812,92,219,880,152,9,82,80,81,84,72,77,55,75,78,71,80,78,82,74,81,76,70,72,65,73,74,68,80,64,82,69,73,51,76,74,74,79
[1741791643.337121] [AOA] Measurement: 0,1741791643.310367,78:9a:18:7c:fa:69,2,1,2,2,128,389,279,34,70,22,962,868,592,418,916,300,874,354,897,539,183,484,1013,190,921,709,73,800,984,929,154,812,92,219,880,152,9,81,80,78,83,70,75,51,72,77,68,79,75,80,74,79,75,66,71,62,69,70,66,75,61,80,65,71,47,72,71,71,76
[1741791643.410876] [AOA] Measurement: 0,1741791643.381435,78:9a:18:7c:fa:69,2,1,2,2,128,389,279,34,70,22,962,868,592,418,916,300,874,354,897,539,183,484,1013,190,921,709,73,800,984,929,154,812,92,219,880,152,9,82,80,81,84,72,77,55,75,78,71,80,78,82,74,81,76,70,72,65,73,74,68,80,64,82,69,73,51,76,74,74,79
[1741791643.477783] [AOA] Measurement: 0,1741791643.450141,78:9a:18:7c:fa:69,2,1,2,2,128,389,279,34,70,22,962,868,592,418,916,300,874,354,897,539,183,484,1013,190,921,709,73,800,984,929,154,812,92,219,880,152,9,81,80,78,83,70,75,51,72,77,68,79,75,80,74,79,75,66,71,62,69,70,66,75,61,80,65,71,47,72,71,71,76
[1741791643.547171] [AOA] Measurement: 0,1741791643.520457,78:9a:18:7c:fa:69,2,1,2,2,128,389,279,34,70,22,962,868,592,418,916,300,874,354,897,539,183,484,1013,190,921,709,73,800,984,929,154,812,92,219,880,152,9,82,80,81,84,72,77,55,75,78,71,80,78,82,74,81,76,70,72,65,73,74,68,80,64,82,69,73,51,76,74,74,79
[1741791643.624752] [AOA] Measurement: 0,1741791643.595858,78:9a:18:7c:fa:69,2,1,2,2,128,389,279,34,70,22,962,868,592,418,916,300,874,354,897,539,183,484,1013,190,921,709,73,800,984,929,154,812,92,219,880,152,9,81,80,78,83,70,75,51,72,77,68,79,75,80,74,79,75,66,71,62,69,70,66,75,61,80,65,71,47,72,71,71,76
[1741791643.700711] [AOA] Measurement: 0,1741791643.671388,78:9a:18:7c:fa:69,2,1,2,2,128,389,279,34,70,22,962,868,592,418,916,300,874,354,897,539,183,484,1013,190,921,709,73,800,984,929,154,812,92,219,880,152,9,82,80,81,84,72,77,55,75,78,71,80,78,82,74,81,76,70,72,65,73,74,68,80,64,82,69,73,51,76,74,74,79
[1741791643.777263] [AOA] Measurement: 0,1741791643.750368,78:9a:18:7c:fa:69,2,1,2,2,128,389,279,34,70,22,962,868,592,418,916,300,874,354,897,539,183,484,1013,190,921,709,73,800,984,929,154,812,92,219,880,152,9,82,80,81,84,72,77,55,75,78,71,80,78,82,74,81,76,70,72,65,73,74,68,80,64,82,69,73,51,76,74,74,79
[1741791643.851015] [AOA] Measurement: 0,1741791643.821491,78:9a:18:7c:fa:69,2,1,2,2,128,389,279,34,70,22,962,868,592,418,916,300,874,354,897,539,183,484,1013,190,921,709,73,800,984,929,154,812,92,219,880,152,9,81,80,78,83,70,75,51,72,77,68,79,75,80,74,79,75,66,71,62,69,70,66,75,61,80,65,71,47,72,71,71,76
[1741791643.920483] [AOA] Measurement: 0,1741791643.890261,78:9a:18:7c:fa:69,2,1,2,2,128,389,279,34,70,22,962,868,592,418,916,300,874,354,897,539,183,484,1013,190,921,709,73,800,984,929,154,812,92,219,880,152,9,65,42023,0,17218,64,12898,16,302,56584,20495,39535,279,9,30727,6298,64124,105,71,61,67,70,63,72,59,76,61,67,43,69,68,65,75
[1741791643.990803] [AOA] Measurement: 0,1741791643.961391,78:9a:18:7c:fa:69,2,1,2,2,128,389,279,34,70,22,962,868,592,418,916,300,874,354,897,539,183,484,1013,190,921,709,73,800,984,929,154,812,92,219,880,152,9,81,80,78,83,70,75,51,72,77,68,79,75,80,74,79,75,66,71,62,69,70,66,75,61,80,65,71,47,72,71,71,76
[1741791644.072207] [AOA] Measurement: 0,1741791644.040334,78:9a:18:7c:fa:69,2,1,2,2,128,389,279,34,70,22,962,868,592,418,916,300,874,354,897,539,183,484,1013,190,921,709,73,800,984,929,154,812,92,219,880,152,9,65,42023,0,17218,64,12898,16,302,56584,20495,39535,279,9,30727,6298,64124,105,71,61,67,70,63,72,59,76,61,67,43,69,68,65,75
[1741791644.150575] [AOA] Measurement: 0,1741791644.121520,78:9a:18:7c:fa:69,2,1,2,2,128,389,279,34,70,22,962,868,592,418,916,300,874,354,897,539,183,484,1013,190,921,709,73,800,984,929,154,812,92,219,880,152,9,81,80,78,83,70,75,51,72,77,68,79,75,80,74,79,75,66,71,62,69,70,66,75,61,80,65,71,47,72,71,71,76
[1741791644.220568] [AOA] Measurement: 0,1741791644.191542,78:9a:18:7c:fa:69,2,1,2,2,128,389,279,34,70,22,962,868,592,418,916,300,874,354,897,539,183,484,1013,190,921,709,73,800,984,929,154,812,92,219,880,152,9,82,80,81,84,72,77,55,75,78,71,80,78,82,74,81,76,70,72,65,73,74,68,80,64,82,69,73,51,76,74,74,79
[1741791644.289162] [AOA] Measurement: 0,1741791644.261021,78:9a:18:7c:fa:69,2,1,2,2,128,389,279,34,70,22,962,868,592,418,916,300,874,354,897,539,183,484,1013,190,921,709,73,800,984,929,154,812,92,219,880,152,9,81,80,78,83,70,75,51,72,77,68,79,75,80,74,79,75,66,71,62,69,70,66,75,61,80,65,71,47,72,71,71,76
[1741791644.360893] [AOA] Measurement: 0,1741791644.331569,78:9a:18:7c:fa:69,2,1,2,2,128,389,279,34,70,22,962,868,592,418,916,300,874,354,897,539,183,484,1013,190,921,709,73,800,984,929,154,812,92,219,880,152,9,82,80,81,84,72,77,55,75,78,71,80,78,82,74,81,76,70,72,65,73,74,68,80,64,82,69,73,51,76,74,74,79
[1741791644.430879] [AOA] Measurement: 0,1741791644.401460,78:9a:18:7c:fa:69,2,1,2,2,128,389,279,34,70,22,962,868,592,418,916,300,874,354,897,539,183,484,1013,190,921,709,73,800,984,929,154,812,92,219,880,152,9,81,80,78,83,70,75,51,72,77,68,79,75,80,74,79,75,66,71,62,69,70,66,75,61,80,65,71,47,72,71,71,76
[1741791644.498529] [AOA] Measurement: 0,1741791644.470377,78:9a:18:7c:fa:69,2,1,2,2,128,389,279,34,70,22,962,868,592,418,916,300,874,354,897,539,183,484,1013,190,921,709,73,800,984,929,154,812,92,219,880,152,9,81,80,78,83,70,75,51,72,77,68,79,75,80,74,79,75,66,71,62,69,70,66,75,61,80,65,71,47,72,71,71,76
[1741791644.571842] [AOA] Measurement: 0,1741791644.540375,78:9a:18:7c:fa:69,2,1,2,2,128,389,279,34,70,22,962,868,592,418,916,300,874,354,897,539,183,484,1013,190,921,709,73,800,984,929,154,812,92,219,880,152,9,65,42023,0,17218,64,12898,16,302,56584,20495,39535,279,9,30727,6298,64124,105,71,61,67,70,63,72,59,76,61,67,43,69,68,65,75
[1741791644.636105] [AOA] Measurement: 0,1741791644.610160,78:9a:18:7c:fa:69,2,1,2,2,128,389,279,34,70,22,962,868,592,418,916,300,874,354,897,539,183,484,1013,190,921,709,73,800,984,929,154,812,92,219,880,152,9,81,80,78,83,70,75,51,72,77,68,79,75,80,74,79,75,66,71,62,69,70,66,75,61,80,65,71,47,72,71,71,76
[1741791644.710306] [AOA] Measurement: 0,1741791644.680189,78:9a:18:7c:fa:69,2,1,2,2,128,389,279,34,70,22,962,868,592,418,916,300,874,354,897,539,183,484,1013,190,921,709,73,800,984,929,154,812,92,219,880,152,9,65,42023,0,17218,64,12898,16,302,56584,20495,39535,279,9,30727,6298,64124,105,71,61,67,70,63,72,59,76,61,67,43,69,68,65,75
[1741791644.780932] [AOA] Measurement: 0,1741791644.751545,78:9a:18:7c:fa:69,2,1,2,2,128,389,279,34,70,22,962,868,592,418,916,300,874,354,897,539,183,484,1013,190,921,709,73,800,984,929,154,812,92,219,880,152,9,81,80,78,83,70,75,51,72,77,68,79,75,80,74,79,75,66,71,62,69,70,66,75,61,80,65,71,47,72,71,71,76
[1741791644.855055] [AOA] Measurement: 0,1741791644.824585,78:9a:18:7c:fa:69,2,1,2,2,128,389,279,34,70,22,962,868,592,418,916,300,874,354,897,539,183,484,1013,190,921,709,73,800,984,929,154,812,92,219,880,152,9,65,42023,0,17218,64,12898,16,302,56584,20495,39535,279,9,30727,6298,64124,105,71,61,67,70,63,72,59,76,61,67,43,69,68,65,75
[1741791644.930906] [AOA] Measurement: 0,1741791644.901502,78:9a:18:7c:fa:69,2,1,2,2,128,389,279,34,70,22,962,868,592,418,916,300,874,354,897,539,183,484,1013,190,921,709,73,800,984,929,154,812,92,219,880,152,9,81,80,78,83,70,75,51,72,77,68,79,75,80,74,79,75,66,71,62,69,70,66,75,61,80,65,71,47,72,71,71,76
[1741791645.000618] [AOA] Measurement: 0,1741791644.970221,78:9a:18:7c:fa:69,2,1,2,2,128,389,279,34,70,22,962,868,592,418,916,300,874,354,897,539,183,484,1013,190,921,709,73,800,984,929,154,812,92,219,880,152,9,65,42023,0,17218,64,12898,16,302,56584,20495,39535,279,9,30727,6298,64124,105,71,61,67,70,63,72,59,76,61,67,43,69,68,65,75
[1741791645.070840] [AOA] Measurement: 0,1741791645.041453,78:9a:18:7c:fa:69,2,1,2,2,128,389,279,34,70,22,962,868,592,418,916,300,874,354,897,539,183,484,1013,190,921,709,73,800,984,929,154,812,92,219,880,152,9,81,80,78,83,70,75,51,72,77,68,79,75,80,74,79,75,66,71,62,69,70,66,75,61,80,65,71,47,72,71,71,76
[1741791645.151861] [AOA] Measurement: 0,1741791645.120395,78:9a:18:7c:fa:69,2,1,2,2,128,389,279,34,70,22,962,868,592,418,916,300,874,354,897,539,183,484,1013,190,921,709,73,800,984,929,154,812,92,219,880,152,9,65,42023,0,17218,64,12898,16,302,56584,20495,39535,279,9,30727,6298,64124,105,71,61,67,70,63,72,59,76,61,67,43,69,68,65,75
[1741791645.221185] [AOA] Measurement: 0,1741791645.190857,78:9a:18:7c:fa:69,2,1,2,2,128,389,279,34,70,22,962,868,592,418,916,300,874,354,897,539,183,484,1013,190,921,709,73,800,984,929,154,812,92,219,880,152,9,65,42023,0,17218,64,12898,16,302,56584,20495,39535,279,9,30727,6298,64124,105,71,61,67,70,63,72,59,76,61,67,43,69,68,65,75
[1741791645.290396] [AOA] Measurement: 0,1741791645.261426,78:9a:18:7c:fa:69,2,1,2,2,128,389,279,34,70,22,962,868,592,418,916,300,874,354,897,539,183,484,1013,190,921,709,73,800,984,929,154,812,92,219,880,152,9,81,80,78,83,70,75,51,72,77,68,79,75,80,74,79,75,66,71,62,69,70,66,75,61,80,65,71,47,72,71,71,76
[1741791645.370503] [AOA] Measurement: 0,1741791645.340287,78:9a:18:7c:fa:69,2,1,2,2,128,389,279,34,70,22,962,868,592,418,916,300,874,354,897,539,183,484,1013,190,921,709,73,800,984,929,154,812,92,219,880,152,9,65,42023,0,17218,64,12898,16,302,56584,20495,39535,279,9,30727,6298,64124,105,71,61,67,70,63,72,59,76,61,67,43,69,68,65,75
[1741791645.440432] [AOA] Measurement: 0,1741791645.411458,78:9a:18:7c:fa:69,2,1,2,2,128,389,279,34,70,22,962,868,592,418,916,300,874,354,897,539,183,484,1013,190,921,709,73,800,984,929,154,812,92,219,880,152,9,81,80,78,83,70,75,51,72,77,68,79,75,80,74,79,75,66,71,62,69,70,66,75,61,80,65,71,47,72,71,71,76
[1741791645.521787] [AOA] Measurement: 0,1741791645.490374,78:9a:18:7c:fa:69,2,1,2,2,128,389,279,34,70,22,962,868,592,418,916,300,874,354,897,539,183,484,1013,190,921,709,73,800,984,929,154,812,92,219,880,152,9,65,42023,0,17218,64,12898,16,302,56584,20495,39535,279,9,30727,6298,64124,105,71,61,67,70,63,72,59,76,61,67,43,69,68,65,75
[1741791645.588370] [AOA] Measurement: 0,1741791645.560280,78:9a:18:7c:fa:69,2,1,2,2,128,389,279,34,70,22,962,868,592,418,916,300,874,354,897,539,183,484,1013,190,921,709,73,800,984,929,154,812,92,219,880,152,9,65,42023,0,17218,64,12898,16,302,56584,20495,39535,279,9,30727,6298,64124,105,73,66,73,75,72,81,68,82,69,75,51,77,74,75,80
[1741791645.660354] [AOA] Measurement: 0,1741791645.630225,78:9a:18:7c:fa:69,2,1,2,2,128,389,279,34,70,22,962,868,592,418,916,300,874,354,897,539,183,484,1013,190,921,709,73,800,984,929,154,812,92,219,880,152,9,65,42023,0,17218,64,12898,16,302,56584,20495,39535,279,9,30727,6298,64124,105,71,61,67,70,63,72,59,76,61,67,43,69,68,65,75
[1741791645.733173] [AOA] Measurement: 0,1741791645.701677,78:9a:18:7c:fa:69,2,1,2,2,128,389,279,34,70,22,962,868,592,418,916,300,874,354,897,539,183,484,1013,190,921,709,73,800,984,929,154,812,92,219,880,152,9,65,42023,0,17218,64,12898,16,302,56584,20495,39535,279,9,30727,6298,64124,105,73,66,73,75,72,81,68,82,69,75,51,77,74,75,80
[1741791645.813073] [AOA] Measurement: 0,1741791645.781493,78:9a:18:7c:fa:69,2,1,2,2,128,389,279,34,70,22,962,868,592,418,916,300,874,354,897,539,183,484,1013,190,921,709,73,800,984,929,154,812,92,219,880,152,9,65,42023,0,17218,64,12898,16,302,56584,20495,39535,279,9,30727,6298,64124,105,71,61,67,70,63,72,59,76,61,67,43,69,68,65,75
[1741791645.890422] [AOA] Measurement: 0,1741791645.861387,78:9a:18:7c:fa:69,2,1,2,2,128,389,279,34,70,22,962,868,592,418,916,300,874,354,897,539,183,484,1013,190,921,709,73,800,984,929,154,812,92,219,880,152,9,81,80,78,83,70,75,51,72,77,68,79,75,80,74,79,75,66,71,62,69,70,66,75,61,80,65,71,47,72,71,71,76
[1741791645.968167] [AOA] Measurement: 0,1741791645.940224,78:9a:18:7c:fa:69,2,1,2,2,128,389,279,34,70,22,962,868,592,418,916,300,874,354,897,539,183,484,1013,190,921,709,73,800,984,929,154,812,92,219,880,152,9,81,80,78,83,70,75,51,72,77,68,79,75,80,74,79,75,66,71,62,69,70,66,75,61,80,65,71,47,72,71,71,76
[1741791646.041793] [AOA] Measurement: 0,1741791646.010290,78:9a:18:7c:fa:69,2,1,2,2,128,389,279,34,70,22,962,868,592,418,916,300,874,354,897,539,183,484,1013,190,921,709,73,800,984,929,154,812,92,219,880,152,9,65,42023,0,17218,64,12898,16,302,56584,20495,39535,279,9,30727,6298,64124,105,71,61,67,70,63,72,59,76,61,67,43,69,68,65,75
[1741791646.120885] [AOA] Measurement: 0,1741791646.091410,78:9a:18:7c:fa:69,2,1,2,2,128,389,279,34,70,22,962,868,592,418,916,300,874,354,897,539,183,484,1013,190,921,709,73,800,984,929,154,812,92,219,880,152,9,81,80,78,83,70,75,51,72,77,68,79,75,80,74,79,75,66,71,62,69,70,66,75,61,80,65,71,47,72,71,71,76
[1741791646.216169] [AOA] Measurement: 0,1741791646.171432,78:9a:18:7c:fa:69,2,1,2,2,128,389,279,34,70,22,962,868,592,418,916,300,874,354,897,539,183,484,1013,190,921,709,73,800,984,929,154,812,92,219,880,152,9,65,42023,0,17218,64,12898,16,302,56584,20495,39535,279,9,30727,6298,64124,105,71,61,67,70,63,72,59,76,61,67,43,69,68,65,75
[1741791646.290409] [AOA] Measurement: 0,1741791646.261419,78:9a:18:7c:fa:69,2,1,2,2,128,389,279,34,70,22,962,868,592,418,916,300,874,354,897,539,183,484,1013,190,921,709,73,800,984,929,154,812,92,219,880,152,9,81,80,78,83,70,75,51,72,77,68,79,75,80,74,79,75,66,71,62,69,70,66,75,61,80,65,71,47,72,71,71,76
[1741791646.360192] [AOA] Measurement: 0,1741791646.330200,78:9a:18:7c:fa:69,2,1,2,2,128,389,279,34,70,22,962,868,592,418,916,300,874,354,897,539,183,484,1013,190,921,709,73,800,984,929,154,812,92,219,880,152,9,65,42023,0,17218,64,12898,16,302,56584,20495,39535,279,9,30727,6298,64124,105,71,61,67,70,63,72,59,76,61,67,43,69,68,65,75
[1741791646.430557] [AOA] Measurement: 0,1741791646.401478,78:9a:18:7c:fa:69,2,1,2,2,128,389,279,34,70,22,962,868,592,418,916,300,874,354,897,539,183,484,1013,190,921,709,73,800,984,929,154,812,92,219,880,152,9,81,80,78,83,70,75,51,72,77,68,79,75,80,74,79,75,66,71,62,69,70,66,75,61,80,65,71,47,72,71,71,76
[1741791646.503002] [AOA] Measurement: 0,1741791646.471568,78:9a:18:7c:fa:69,2,1,2,2,128,389,279,34,70,22,962,868,592,418,916,300,874,354,897,539,183,484,1013,190,921,709,73,800,984,929,154,812,92,219,880,152,9,65,42023,0,17218,64,12898,16,302,56584,20495,39535,279,9,30727,6298,64124,105,71,61,67,70,63,72,59,76,61,67,43,69,68,65,75
[1741791646.580612] [AOA] Measurement: 0,1741791646.551540,78:9a:18:7c:fa:69,2,1,2,2,128,389,279,34,70,22,962,868,592,418,916,300,874,354,897,539,183,484,1013,190,921,709,73,800,984,929,154,812,92,219,880,152,9,81,80,78,83,70,75,51,72,77,68,79,75,80,74,79,75,66,71,62,69,70,66,75,61,80,65,71,47,72,71,71,76
[1741791646.658429] [AOA] Measurement: 0,1741791646.630385,78:9a:18:7c:fa:69,2,1,2,2,128,389,279,34,70,22,962,868,592,418,916,300,874,354,897,539,183,484,1013,190,921,709,73,800,984,929,154,812,92,219,880,152,9,81,80,78,83,70,75,51,72,77,68,79,75,80,74,79,75,66,71,62,69,70,66,75,61,80,65,71,47,72,71,71,76
[1741791646.732975] [AOA] Measurement: 0,1741791646.701482,78:9a:18:7c:fa:69,2,1,2,2,128,389,279,34,70,22,962,868,592,418,916,300,874,354,897,539,183,484,1013,190,921,709,73,800,984,929,154,812,92,219,880,152,9,65,42023,0,17218,64,12898,16,302,56584,20495,39535,279,9,30727,6298,64124,105,71,61,67,70,63,72,59,76,61,67,43,69,68,65,75
[1741791646.798410] [AOA] Measurement: 0,1741791646.770233,78:9a:18:7c:fa:69,2,1,2,2,128,389,279,34,70,22,962,868,592,418,916,300,874,354,897,539,183,484,1013,190,921,709,73,800,984,929,154,812,92,219,880,152,9,81,80,78,83,70,75,51,72,77,68,79,75,80,74,79,75,66,71,62,69,70,66,75,61,80,65,71,47,72,71,71,76
[1741791646.871811] [AOA] Measurement: 0,1741791646.840354,78:9a:18:7c:fa:69,2,1,2,2,128,389,279,34,70,22,962,868,592,418,916,300,874,354,897,539,183,484,1013,190,921,709,73,800,984,929,154,812,92,219,880,152,9,65,42023,0,17218,64,12898,16,302,56584,20495,39535,279,9,30727,6298,64124,105,71,61,67,70,63,72,59,76,61,67,43,69,68,65,75
[1741791646.950469] [AOA] Measurement: 0,1741791646.921488,78:9a:18:7c:fa:69,2,1,2,2,128,389,279,34,70,22,962,868,592,418,916,300,874,354,897,539,183,484,1013,190,921,709,73,800,984,929,154,812,92,219,880,152,9,81,80,78,83,70,75,51,72,77,68,79,75,80,74,79,75,66,71,62,69,70,66,75,61,80,65,71,47,72,71,71,76
[1741791647.020740] [AOA] Measurement: 0,1741791646.991654,78:9a:18:7c:fa:69,2,1,2,2,128,389,279,34,70,22,962,868,592,418,916,300,874,354,897,539,183,484,1013,190,921,709,73,800,984,929,154,812,92,219,880,152,9,82,80,81,84,72,77,55,75,78,71,80,78,82,74,81,76,70,72,65,73,74,68,80,64,82,69,73,51,76,74,74,79
[1741791647.088497] [AOA] Measurement: 0,1741791647.060172,78:9a:18:7c:fa:69,2,1,2,2,128,389,279,34,70,22,962,868,592,418,916,300,874,354,897,539,183,484,1013,190,921,709,73,800,984,929,154,812,92,219,880,152,9,81,80,78,83,70,75,51,72,77,68,79,75,80,74,79,75,66,71,62,69,70,66,75,61,80,65,71,47,72,71,71,76
[1741791647.161186] [AOA] Measurement: 0,1741791647.131223,78:9a:18:7c:fa:69,2,1,2,2,128,389,279,34,70,22,962,868,592,418,916,300,874,354,897,539,183,484,1013,190,921,709,73,800,984,929,154,812,92,219,880,152,9,82,80,81,84,72,77,55,75,78,71,80,78,82,74,81,76,70,72,65,73,74,68,80,64,82,69,73,51,76,74,74,79
[1741791647.225926] [AOA] Measurement: 0,1741791647.200172,78:9a:18:7c:fa:69,2,1,2,2,128,389,279,34,70,22,962,868,592,418,916,300,874,354,897,539,183,484,1013,190,921,709,73,800,984,929,154,812,92,219,880,152,9,81,80,78,83,70,75,51,72,77,68,79,75,80,74,79,75,66,71,62,69,70,66,75,61,80,65,71,47,72,71,71,76
[1741791647.300165] [AOA] Measurement: 0,1741791647.270158,78:9a:18:7c:fa:69,2,1,2,2,128,389,279,34,70,22,962,868,592,418,916,300,874,354,897,539,183,484,1013,190,921,709,73,800,984,929,154,812,92,219,880,152,9,65,42023,0,17218,64,12898,16,302,56584,20495,39535,279,9,30727,6298,64124,105,71,61,67,70,63,72,59,76,61,67,43,69,68,65,75
[1741791647.370973] [AOA] Measurement: 0,1741791647.341498,78:9a:18:7c:fa:69,2,1,2,2,128,389,279,34,70,22,962,868,592,418,916,300,874,354,897,539,183,484,1013,190,921,709,73,800,984,929,154,812,92,219,880,152,9,81,80,78,83,70,75,51,72,77,68,79,75,80,74,79,75,66,71,62,69,70,66,75,61,80,65,71,47,72,71,71,76
[1741791647.447293] [AOA] Measurement: 0,1741791647.420376,78:9a:18:7c:fa:69,2,1,2,2,128,389,279,34,70,22,962,868,592,418,916,300,874,354,897,539,183,484,1013,190,921,709,73,800,984,929,154,812,92,219,880,152,9,81,80,78,83,70,75,51,72,77,68,79,75,80,74,79,75,66,71,62,69,70,66,75,61,80,65,71,47,72,71,71,76
[1741791647.523016] [AOA] Measurement: 0,1741791647.491576,78:9a:18:7c:fa:69,2,1,2,2,128,389,279,34,70,22,962,868,592,418,916,300,874,354,897,539,183,484,1013,190,921,709,73,800,984,929,154,812,92,219,880,152,9,65,42023,0,17218,64,12898,16,302,56584,20495,39535,279,9,30727,6298,64124,105,71,61,67,70,63,72,59,76,61,67,43,69,68,65,75
[1741791647.588030] [AOA] Measurement: 0,1741791647.560220,78:9a:18:7c:fa:69,2,1,2,2,128,389,279,34,70,22,962,868,592,418,916,300,874,354,897,539,183,484,1013,190,921,709,73,800,984,929,154,812,92,219,880,152,9,81,80,78,83,70,75,51,72,77,68,79,75,80,74,79,75,66,71,62,69,70,66,75,61,80,65,71,47,72,71,71,76
[1741791647.663197] [AOA] Measurement: 0,1741791647.631185,78:9a:18:7c:fa:69,2,1,2,2,128,389,279,34,70,22,962,868,592,418,916,300,874,354,897,539,183,484,1013,190,921,709,73,800,984,929,154,812,92,219,880,152,9,65,42023,0,17218,64,12898,16,302,56584,20495,39535,279,9,30727,6298,64124,105,71,61,67,70,63,72,59,76,61,67,43,69,68,65,75
[1741791647.740736] [AOA] Measurement: 0,1741791647.711497,78:9a:18:7c:fa:69,2,1,2,2,128,389,279,34,70,22,962,868,592,418,916,300,874,354,897,539,183,484,1013,190,921,709,73,800,984,929,154,812,92,219,880,152,9,81,80,78,83,70,75,51,72,77,68,79,75,80,74,79,75,66,71,62,69,70,66,75,61,80,65,71,47,72,71,71,76
[1741791647.826173] [AOA] Measurement: 0,1741791647.794188,78:9a:18:7c:fa:69,2,1,2,2,128,389,279,34,70,22,962,868,592,418,916,300,874,354,897,539,183,484,1013,190,921,709,73,800,984,929,154,812,92,219,880,152,9,65,42023,0,17218,64,12898,16,302,56584,20495,39535,279,9,30727,6298,64124,105,71,61,67,70,63,72,59,76,61,67,43,69,68,65,75
[1741791647.898169] [AOA] Measurement: 0,1741791647.870243,78:9a:18:7c:fa:69,2,1,2,2,128,389,279,34,70,22,962,868,592,418,916,300,874,354,897,539,183,484,1013,190,921,709,73,800,984,929,154,812,92,219,880,152,9,81,80,78,83,70,75,51,72,77,68,79,75,80,74,79,75,66,71,62,69,70,66,75,61,80,65,71,47,72,71,71,76
[1741791647.972914] [AOA] Measurement: 0,1741791647.941511,78:9a:18:7c:fa:69,2,1,2,2,128,389,279,34,70,22,962,868,592,418,916,300,874,354,897,539,183,484,1013,190,921,709,73,800,984,929,154,812,92,219,880,152,9,65,42023,0,17218,64,12898,16,302,56584,20495,39535,279,9,30727,6298,64124,105,71,61,67,70,63,72,59,76,61,67,43,69,68,65,75
[1741791648.037673] [AOA] Measurement: 0,1741791648.010233,78:9a:18:7c:fa:69,2,1,2,2,128,389,279,34,70,22,962,868,592,418,916,300,874,354,897,539,183,484,1013,190,921,709,73,800,984,929,154,812,92,219,880,152,9,81,80,78,83,70,75,51,72,77,68,79,75,80,74,79,75,66,71,62,69,70,66,75,61,80,65,71,47,72,71,71,76
[1741791648.110690] [AOA] Measurement: 0,1741791648.081462,78:9a:18:7c:fa:69,2,1,2,2,128,389,279,34,70,22,962,868,592,418,916,300,874,354,897,539,183,484,1013,190,921,709,73,800,984,929,154,812,92,219,880,152,9,81,80,78,83,70,75,51,72,77,68,79,75,80,74,79,75,66,71,62,69,70,66,75,61,80,65,71,47,72,71,71,76
[1741791648.204452] [AOA] Measurement: 0,1741791648.160222,78:9a:18:7c:fa:69,2,1,2,2,128,389,279,34,70,22,962,868,592,418,916,300,874,354,897,539,183,484,1013,190,921,709,73,800,984,929,154,812,92,219,880,152,9,65,42023,0,17218,64,12898,16,302,56584,20495,39535,279,9,30727,6298,64124,105,71,61,67,70,63,72,59,76,61,67,43,69,68,65,75
[1741791648.269683] [AOA] Measurement: 0,1741791648.241421,78:9a:18:7c:fa:69,2,1,2,2,128,389,279,34,70,22,962,868,592,418,916,300,874,354,897,539,183,484,1013,190,921,709,73,800,984,929,154,812,92,219,880,152,9,81,80,78,83,70,75,51,72,77,68,79,75,80,74,79,75,66,71,62,69,70,66,75,61,80,65,71,47,72,71,71,76
[1741791648.342924] [AOA] Measurement: 0,1741791648.311460,78:9a:18:7c:fa:69,2,1,2,2,128,389,279,34,70,22,962,868,592,418,916,300,874,354,897,539,183,484,1013,190,921,709,73,800,984,929,154,812,92,219,880,152,9,65,42023,0,17218,64,12898,16,302,56584,20495,39535,279,9,30727,6298,64124,105,71,61,67,70,63,72,59,76,61,67,43,69,68,65,75
[1741791648.413129] [AOA] Measurement: 0,1741791648.381486,78:9a:18:7c:fa:69,2,1,2,2,128,389,279,34,70,22,962,868,592,418,916,300,874,354,897,539,183,484,1013,190,921,709,73,800,984,929,154,812,92,219,880,152,9,65,42023,0,17218,64,12898,16,302,56584,20495,39535,279,9,30727,6298,64124,105,73,66,73,75,72,81,68,82,69,75,51,77,74,75,80
[1741791648.496522] [AOA] Measurement: 0,1741791648.451436,78:9a:18:7c:fa:69,2,1,2,2,128,389,279,34,70,22,962,868,592,418,916,300,874,354,897,539,183,484,1013,190,921,709,73,800,984,929,154,812,92,219,880,152,9,65,42023,0,17218,64,12898,16,302,56584,20495,39535,279,9,30727,6298,64124,105,71,61,67,70,63,72,59,76,61,67,43,69,68,65,75
[1741791648.572999] [AOA] Measurement: 0,1741791648.541563,78:9a:18:7c:fa:69,2,1,2,2,128,389,279,34,70,22,962,868,592,418,916,300,874,354,897,539,183,484,1013,190,921,709,73,800,984,929,154,812,92,219,880,152,9,65,42023,0,17218,64,12898,16,302,56584,20495,39535,279,9,30727,6298,64124,105,73,66,73,75,72,81,68,82,69,75,51,77,74,75,80
[1741791648.653480] [AOA] Measurement: 0,1741791648.621596,78:9a:18:7c:fa:69,2,1,2,2,128,389,279,34,70,22,962,868,592,418,916,300,874,354,897,539,183,484,1013,190,921,709,73,800,984,929,154,812,92,219,880,152,9,65,42023,0,17218,64,12898,16,302,56584,20495,39535,279,9,30727,6298,64124,105,71,61,67,70,63,72,59,76,61,67,43,69,68,65,75
[1741791648.730416] [AOA] Measurement: 0,1741791648.701502,78:9a:18:7c:fa:69,2,1,2,2,128,389,279,34,70,22,962,868,592,418,916,300,874,354,897,539,183,484,1013,190,921,709,73,800,984,929,154,812,92,219,880,152,9,81,80,78,83,70,75,51,72,77,68,79,75,80,74,79,75,66,71,62,69,70,66,75,61,80,65,71,47,72,71,71,76
[1741791648.820515] [AOA] Measurement: 0,1741791648.791524,78:9a:18:7c:fa:69,2,1,2,2,128,389,279,34,70,22,962,868,592,418,916,300,874,354,897,539,183,484,1013,190,921,709,73,800,984,929,154,812,92,219,880,152,9,81,80,78,83,70,75,51,72,77,68,79,75,80,74,79,75,66,71,62,69,70,66,75,61,80,65,71,47,72,71,71,76
[1741791648.890417] [AOA] Measurement: 0,1741791648.860150,78:9a:18:7c:fa:69,2,1,2,2,128,389,279,34,70,22,962,868,592,418,916,300,874,354,897,539,183,484,1013,190,921,709,73,800,984,929,154,812,92,219,880,152,9,65,42023,0,17218,64,12898,16,302,56584,20495,39535,279,9,30727,6298,64124,105,71,61,67,70,63,72,59,76,61,67,43,69,68,65,75
[1741791648.960531] [AOA] Measurement: 0,1741791648.931621,78:9a:18:7c:fa:69,2,1,2,2,128,389,279,34,70,22,962,868,592,418,916,300,874,354,897,539,183,484,1013,190,921,709,73,800,984,929,154,812,92,219,880,152,9,81,80,78,83,70,75,51,72,77,68,79,75,80,74,79,75,66,71,62,69,70,66,75,61,80,65,71,47,72,71,71,76
[1741791649.048241] [AOA] Measurement: 0,1741791649.010187,78:9a:18:7c:fa:69,2,1,2,2,128,389,279,34,70,22,962,868,592,418,916,300,874,354,897,539,183,484,1013,190,921,709,73,800,984,929,154,812,92,219,880,152,9,65,42023,0,17218,64,12898,16,302,56584,20495,39535,279,9,30727,6298,64124,105,71,61,67,70,63,72,59,76,61,67,43,69,68,65,75
[1741791649.116028] [AOA] Measurement: 0,1741791649.090253,78:9a:18:7c:fa:69,2,1,2,2,128,389,279,34,70,22,962,868,592,418,916,300,874,354,897,539,183,484,1013,190,921,709,73,800,984,929,154,812,92,219,880,152,9,81,80,78,83,70,75,51,72,77,68,79,75,80,74,79,75,66,71,62,69,70,66,75,61,80,65,71,47,72,71,71,76
[1741791649.190224] [AOA] Measurement: 0,1741791649.160220,78:9a:18:7c:fa:69,2,1,2,2,128,389,279,34,70,22,962,868,592,418,916,300,874,354,897,539,183,484,1013,190,921,709,73,800,984,929,154,812,92,219,880,152,9,65,42023,0,17218,64,12898,16,302,56584,20495,39535,279,9,30727,6298,64124,105,71,61,67,70,63,72,59,76,61,67,43,69,68,65,75
[1741791649.260650] [AOA] Measurement: 0,1741791649.231575,78:9a:18:7c:fa:69,2,1,2,2,128,389,279,34,70,22,962,868,592,418,916,300,874,354,897,539,183,484,1013,190,921,709,73,800,984,929,154,812,92,219,880,152,9,81,80,78,83,70,75,51,72,77,68,79,75,80,74,79,75,66,71,62,69,70,66,75,61,80,65,71,47,72,71,71,76
[1741791649.341777] [AOA] Measurement: 0,1741791649.310377,78:9a:18:7c:fa:69,2,1,2,2,128,389,279,34,70,22,962,868,592,418,916,300,874,354,897,539,183,484,1013,190,921,709,73,800,984,929,154,812,92,219,880,152,9,65,42023,0,17218,64,12898,16,302,56584,20495,39535,279,9,30727,6298,64124,105,71,61,67,70,63,72,59,76,61,67,43,69,68,65,75
[1741791649.405567] [AOA] Measurement: 0,1741791649.380272,78:9a:18:7c:fa:69,2,1,2,2,128,389,279,34,70,22,962,868,592,418,916,300,874,354,897,539,183,484,1013,190,921,709,73,800,984,929,154,812,92,219,880,152,9,81,80,78,83,70,75,51,72,77,68,79,75,80,74,79,75,66,71,62,69,70,66,75,61,80,65,71,47,72,71,71,76
[1741791649.481747] [AOA] Measurement: 0,1741791649.450230,78:9a:18:7c:fa:69,2,1,2,2,128,389,279,34,70,22,962,868,592,418,916,300,874,354,897,539,183,484,1013,190,921,709,73,800,984,929,154,812,92,219,880,152,9,65,42023,0,17218,64,12898,16,302,56584,20495,39535,279,9,30727,6298,64124,105,71,61,67,70,63,72,59,76,61,67,43,69,68,65,75
[1741791649.552710] [AOA] Measurement: 0,1741791649.521411,78:9a:18:7c:fa:69,2,1,2,2,128,389,279,34,70,22,962,868,592,418,916,300,874,354,897,539,183,484,1013,190,921,709,73,800,984,929,154,812,92,219,880,152,9,65,42023,0,17218,64,12898,16,302,56584,20495,39535,279,9,30727,6298,64124,105,71,61,67,70,63,72,59,76,61,67,43,69,68,65,75
[1741791649.627231] [AOA] Measurement: 0,1741791649.600295,78:9a:18:7c:fa:69,2,1,2,2,128,389,279,34,70,22,962,868,592,418,916,300,874,354,897,539,183,484,1013,190,921,709,73,800,984,929,154,812,92,219,880,152,9,81,80,78,83,70,75,51,72,77,68,79,75,80,74,79,75,66,71,62,69,70,66,75,61,80,65,71,47,72,71,71,76
[1741791649.703258] [AOA] Measurement: 0,1741791649.671567,78:9a:18:7c:fa:69,2,1,2,2,128,389,279,34,70,22,962,868,592,418,916,300,874,354,897,539,183,484,1013,190,921,709,73,800,984,929,154,812,92,219,880,152,9,65,42023,0,17218,64,12898,16,302,56584,20495,39535,279,9,30727,6298,64124,105,71,61,67,70,63,72,59,76,61,67,43,69,68,65,75
[1741791649.767853] [AOA] Measurement: 0,1741791649.740137,78:9a:18:7c:fa:69,2,1,2,2,128,389,279,34,70,22,962,868,592,418,916,300,874,354,897,539,183,484,1013,190,921,709,73,800,984,929,154,812,92,219,880,152,9,81,80,78,83,70,75,51,72,77,68,79,75,80,74,79,75,66,71,62,69,70,66,75,61,80,65,71,47,72,71,71,76
[1741791649.840738] [AOA] Measurement: 0,1741791649.811603,78:9a:18:7c:fa:69,2,1,2,2,128,389,279,34,70,22,962,868,592,418,916,300,874,354,897,539,183,484,1013,190,921,709,73,800,984,929,154,812,92,219,880,152,9,82,80,81,84,72,77,55,75,78,71,80,78,82,74,81,76,70,72,65,73,74,68,80,64,82,69,73,51,76,74,74,79
[1741791649.910848] [AOA] Measurement: 0,1741791649.881500,78:9a:18:7c:fa:69,2,1,2,2,128,389,279,34,70,22,962,868,592,418,916,300,874,354,897,539,183,484,1013,190,921,709,73,800,984,929,154,812,92,219,880,152,9,81,80,78,83,70,75,51,72,77,68,79,75,80,74,79,75,66,71,62,69,70,66,75,61,80,65,71,47,72,71,71,76
[1741791649.977772] [AOA] Measurement: 0,1741791649.950198,78:9a:18:7c:fa:69,2,1,2,2,128,389,279,34,70,22,962,868,592,418,916,300,874,354,897,539,183,484,1013,190,921,709,73,800,984,929,154,812,92,219,880,152,9,82,80,81,84,72,77,55,75,78,71,80,78,82,74,81,76,70,72,65,73,74,68,80,64,82,69,73,51,76,74,74,79
[1741791650.047311] [AOA] Measurement: 0,1741791650.020465,78:9a:18:7c:fa:69,2,1,2,2,128,389,279,34,70,22,962,868,592,418,916,300,874,354,897,539,183,484,1013,190,921,709,73,800,984,929,154,812,92,219,880,152,9,81,80,78,83,70,75,51,72,77,68,79,75,80,74,79,75,66,71,62,69,70,66,75,61,80,65,71,47,72,71,71,76
[1741791650.122890] [AOA] Measurement: 0,1741791650.091443,78:9a:18:7c:fa:69,2,1,2,2,128,389,279,34,70,22,962,868,592,418,916,300,874,354,897,539,183,484,1013,190,921,709,73,800,984,929,154,812,92,219,880,152,9,65,42023,0,17218,64,12898,16,302,56584,20495,39535,279,9,30727,6298,64124,105,71,61,67,70,63,72,59,76,61,67,43,69,68,65,75
[1741791650.187534] [AOA] Measurement: 0,1741791650.160147,78:9a:18:7c:fa:69,2,1,2,2,128,389,279,34,70,22,962,868,592,418,916,300,874,354,897,539,183,484,1013,190,921,709,73,800,984,929,154,812,92,219,880,152,9,81,80,78,83,70,75,51,72,77,68,79,75,80,74,79,75,66,71,62,69,70,66,75,61,80,65,71,47,72,71,71,76
[1741791650.260881] [AOA] Measurement: 0,1741791650.231524,78:9a:18:7c:fa:69,2,1,2,2,128,389,279,34,70,22,962,868,592,418,916,300,874,354,897,539,183,484,1013,190,921,709,73,800,984,929,154,812,92,219,880,152,9,81,80,78,83,70,75,51,72,77,68,79,75,80,74,79,75,66,71,62,69,70,66,75,61,80,65,71,47,72,71,71,76
[1741791650.333092] [AOA] Measurement: 0,1741791650.301563,78:9a:18:7c:fa:69,2,1,2,2,128,389,279,34,70,22,962,868,592,418,916,300,874,354,897,539,183,484,1013,190,921,709,73,800,984,929,154,812,92,219,880,152,9,65,42023,0,17218,64,12898,16,302,56584,20495,39535,279,9,30727,6298,64124,105,71,61,67,70,63,72,59,76,61,67,43,69,68,65,75
[1741791650.410488] [AOA] Measurement: 0,1741791650.381489,78:9a:18:7c:fa:69,2,1,2,2,128,389,279,34,70,22,962,868,592,418,916,300,874,354,897,539,183,484,1013,190,921,709,73,800,984,929,154,812,92,219,880,152,9,81,80,78,83,70,75,51,72,77,68,79,75,80,74,79,75,66,71,62,69,70,66,75,61,80,65,71,47,72,71,71,76
[1741791650.488227] [AOA] Measurement: 0,1741791650.456595,78:9a:18:7c:fa:69,2,1,2,2,128,389,279,34,70,22,962,868,592,418,916,300,874,354,897,539,183,484,1013,190,921,709,73,800,984,929,154,812,92,219,880,152,9,65,42023,0,17218,64,12898,16,302,56584,20495,39535,279,9,30727,6298,64124,105,71,61,67,70,63,72,59,76,61,67,43,69,68,65,75
[1741791650.560338] [AOA] Measurement: 0,1741791650.531269,78:9a:18:7c:fa:69,2,1,2,2,128,389,279,34,70,22,962,868,592,418,916,300,874,354,897,539,183,484,1013,190,921,709,73,800,984,929,154,812,92,219,880,152,9,81,80,78,83,70,75,51,72,77,68,79,75,80,74,79,75,66,71,62,69,70,66,75,61,80,65,71,47,72,71,71,76
[1741791650.630507] [AOA] Measurement: 0,1741791650.600179,78:9a:18:7c:fa:69,2,1,2,2,128,389,279,34,70,22,962,868,592,418,916,300,874,354,897,539,183,484,1013,190,921,709,73,800,984,929,154,812,92,219,880,152,9,65,42023,0,17218,64,12898,16,302,56584,20495,39535,279,9,30727,6298,64124,105,71,61,67,70,63,72,59,76,61,67,43,69,68,65,75
[1741791650.700651] [AOA] Measurement: 0,1741791650.671606,78:9a:18:7c:fa:69,2,1,2,2,128,389,279,34,70,22,962,868,592,418,916,300,874,354,897,539,183,484,1013,190,921,709,73,800,984,929,154,812,92,219,880,152,9,81,80,78,83,70,75,51,72,77,68,79,75,80,74,79,75,66,71,62,69,70,66,75,61,80,65,71,47,72,71,71,76
[1741791650.773255] [AOA] Measurement: 0,1741791650.741668,78:9a:18:7c:fa:69,2,1,2,2,128,389,279,34,70,22,962,868,592,418,916,300,874,354,897,539,183,484,1013,190,921,709,73,800,984,929,154,812,92,219,880,152,9,65,42023,0,17218,64,12898,16,302,56584,20495,39535,279,9,30727,6298,64124,105,71,61,67,70,63,72,59,76,61,67,43,69,68,65,75
[1741791650.837927] [AOA] Measurement: 0,1741791650.810209,78:9a:18:7c:fa:69,2,1,2,2,128,389,279,34,70,22,962,868,592,418,916,300,874,354,897,539,183,484,1013,190,921,709,73,800,984,929,154,812,92,219,880,152,9,81,80,78,83,70,75,51,72,77,68,79,75,80,74,79,75,66,71,62,69,70,66,75,61,80,65,71,47,72,71,71,76
[1741791650.911789] [AOA] Measurement: 0,1741791650.880355,78:9a:18:7c:fa:69,2,1,2,2,128,389,279,34,70,22,962,868,592,418,916,300,874,354,897,539,183,484,1013,190,921,709,73,800,984,929,154,812,92,219,880,152,9,65,42023,0,17218,64,12898,16,302,56584,20495,39535,279,9,30727,6298,64124,105,71,61,67,70,63,72,59,76,61,67,43,69,68,65,75
[1741791650.993319] [AOA] Measurement: 0,1741791650.961481,78:9a:18:7c:fa:69,2,1,2,2,128,389,279,34,70,22,962,868,592,418,916,300,874,354,897,539,183,484,1013,190,921,709,73,800,984,929,154,812,92,219,880,152,9,65,42023,0,17218,64,12898,16,302,56584,20495,39535,279,9,30727,6298,64124,105,71,61,67,70,63,72,59,76,61,67,43,69,68,65,75
[1741791651.070380] [AOA] Measurement: 0,1741791651.031472,78:9a:18:7c:fa:69,2,1,2,2,128,389,279,34,70,22,962,868,592,418,916,300,874,354,897,539,183,484,1013,190,921,709,73,800,984,929,154,812,92,219,880,152,9,81,80,78,83,70,75,51,72,77,68,79,75,80,74,79,75,66,71,62,69,70,66,75,61,80,65,71,47,72,71,71,76
[1741791651.143132] [AOA] Measurement: 0,1741791651.111497,78:9a:18:7c:fa:69,2,1,2,2,128,389,279,34,70,22,962,868,592,418,916,300,874,354,897,539,183,484,1013,190,921,709,73,800,984,929,154,812,92,219,880,152,9,65,42023,0,17218,64,12898,16,302,56584,20495,39535,279,9,30727,6298,64124,105,71,61,67,70,63,72,59,76,61,67,43,69,68,65,75
[1741791651.221839] [AOA] Measurement: 0,1741791651.190308,78:9a:18:7c:fa:69,2,1,2,2,128,389,279,34,70,22,962,868,592,418,916,300,874,354,897,539,183,484,1013,190,921,709,73,800,984,929,154,812,92,219,880,152,9,65,42023,0,17218,64,12898,16,302,56584,20495,39535,279,9,30727,6298,64124,105,73,66,73,75,72,81,68,82,69,75,51,77,74,75,80
[1741791651.307418] [AOA] Measurement: 0,1741791651.275929,78:9a:18:7c:fa:69,2,1,2,2,128,389,279,34,70,22,962,868,592,418,916,300,874,354,897,539,183,484,1013,190,921,709,73,800,984,929,154,812,92,219,880,152,9,65,42023,0,17218,64,12898,16,302,56584,20495,39535,279,9,30727,6298,64124,105,71,61,67,70,63,72,59,76,61,67,43,69,68,65,75
[1741791651.395836] [AOA] Measurement: 0,1741791651.351375,78:9a:18:7c:fa:69,2,1,2,2,128,389,279,34,70,22,962,868,592,418,916,300,874,354,897,539,183,484,1013,190,921,709,73,800,984,929,154,812,92,219,880,152,9,65,42023,0,17218,64,12898,16,302,56584,20495,39535,279,9,30727,6298,64124,105,73,66,73,75,72,81,68,82,69,75,51,77,74,75,80
[1741791651.472801] [AOA] Measurement: 0,1741791651.441274,78:9a:18:7c:fa:69,2,1,2,2,128,389,279,34,70,22,962,868,592,418,916,300,874,354,897,539,183,484,1013,190,921,709,73,800,984,929,154,812,92,219,880,152,9,65,42023,0,17218,64,12898,16,302,56584,20495,39535,279,9,30727,6298,64124,105,71,61,67,70,63,72,59,76,61,67,43,69,68,65,75
[1741791651.536084] [AOA] Measurement: 0,1741791651.510210,78:9a:18:7c:fa:69,2,1,2,2,128,389,279,34,70,22,962,868,592,418,916,300,874,354,897,539,183,484,1013,190,921,709,73,800,984,929,154,812,92,219,880,152,9,81,80,78,83,70,75,51,72,77,68,79,75,80,74,79,75,66,71,62,69,70,66,75,61,80,65,71,47,72,71,71,76
[1741791651.614527] [AOA] Measurement: 0,1741791651.583130,78:9a:18:7c:fa:69,2,1,2,2,128,389,279,34,70,22,962,868,592,418,916,300,874,354,897,539,183,484,1013,190,921,709,73,800,984,929,154,812,92,219,880,152,9,65,42023,0,17218,64,12898,16,302,56584,20495,39535,279,9,30727,6298,64124,105,71,61,67,70,63,72,59,76,61,67,43,69,68,65,75
[1741791651.689832] [AOA] Measurement: 0,1741791651.658261,78:9a:18:7c:fa:69,2,1,2,2,128,389,279,34,70,22,962,868,592,418,916,300,874,354,897,539,183,484,1013,190,921,709,73,800,984,929,154,812,92,219,880,152,9,81,80,78,83,70,75,51,72,77,68,79,75,80,74,79,75,66,71,62,69,70,66,75,61,80,65,71,47,72,71,71,76
[1741791651.762578] [AOA] Measurement: 0,1741791651.730996,78:9a:18:7c:fa:69,2,1,2,2,128,389,279,34,70,22,962,868,592,418,916,300,874,354,897,539,183,484,1013,190,921,709,73,800,984,929,154,812,92,219,880,152,9,65,42023,0,17218,64,12898,16,302,56584,20495,39535,279,9,30727,6298,64124,105,73,66,73,75,72,81,68,82,69,75,51,77,74,75,80
[1741791651.848226] [AOA] Measurement: 0,1741791651.810161,78:9a:18:7c:fa:69,2,1,2,2,128,389,279,34,70,22,962,868,592,418,916,300,874,354,897,539,183,484,1013,190,921,709,73,800,984,929,154,812,92,219,880,152,9,65,42023,0,17218,64,12898,16,302,56584,20495,39535,279,9,30727,6298,64124,105,71,61,67,70,63,72,59,76,61,67,43,69,68,65,75
[1741791651.920148] [AOA] Measurement: 0,1741791651.890221,78:9a:18:7c:fa:69,2,1,2,2,128,389,279,34,70,22,962,868,592,418,916,300,874,354,897,539,183,484,1013,190,921,709,73,800,984,929,154,812,92,219,880,152,9,65,42023,0,17218,64,12898,16,302,56584,20495,39535,279,9,30727,6298,64124,105,73,66,73,75,72,81,68,82,69,75,51,77,74,75,80
[1741791651.992969] [AOA] Measurement: 0,1741791651.961476,78:9a:18:7c:fa:69,2,1,2,2,128,389,279,34,70,22,962,868,592,418,916,300,874,354,897,539,183,484,1013,190,921,709,73,800,984,929,154,812,92,219,880,152,9,65,42023,0,17218,64,12898,16,302,56584,20495,39535,279,9,30727,6298,64124,105,71,61,67,70,63,72,59,76,61,67,43,69,68,65,75
[1741791652.072944] [AOA] Measurement: 0,1741791652.041535,78:9a:18:7c:fa:69,2,1,2,2,128,389,279,34,70,22,962,868,592,418,916,300,874,354,897,539,183,484,1013,190,921,709,73,800,984,929,154,812,92,219,880,152,9,65,42023,0,17218,64,12898,16,302,56584,20495,39535,279,9,30727,6298,64124,105,73,66,73,75,72,81,68,82,69,75,51,77,74,75,80
[1741791652.142720] [AOA] Measurement: 0,1741791652.111259,78:9a:18:7c:fa:69,2,1,2,2,128,389,279,34,70,22,962,868,592,418,916,300,874,354,897,539,183,484,1013,190,921,709,73,800,984,929,154,812,92,219,880,152,9,65,42023,0,17218,64,12898,16,302,56584,20495,39535,279,9,30727,6298,64124,105,71,61,67,70,63,72,59,76,61,67,43,69,68,65,75
[1741791652.235066] [AOA] Measurement: 0,1741791652.190214,78:9a:18:7c:fa:69,2,1,2,2,128,389,279,34,70,22,962,868,592,418,916,300,874,354,897,539,183,484,1013,190,921,709,73,800,984,929,154,812,92,219,880,152,9,65,42023,0,17218,64,12898,16,302,56584,20495,39535,279,9,30727,6298,64124,105,73,66,73,75,72,81,68,82,69,75,51,77,74,75,80
[1741791652.300999] [AOA] Measurement: 0,1741791652.270408,78:9a:18:7c:fa:69,2,1,2,2,128,389,279,34,70,22,962,868,592,418,916,300,874,354,897,539,183,484,1013,190,921,709,73,800,984,929,154,812,92,219,880,152,9,65,42023,0,17218,64,12898,16,302,56584,20495,39535,279,9,30727,6298,64124,105,71,61,67,70,63,72,59,76,61,67,43,69,68,65,75
[1741791652.372887] [AOA] Measurement: 0,1741791652.341056,78:9a:18:7c:fa:69,2,1,2,2,128,389,279,34,70,22,962,868,592,418,916,300,874,354,897,539,183,484,1013,190,921,709,73,800,984,929,154,812,92,219,880,152,9,65,42023,0,17218,64,12898,16,302,56584,20495,39535,279,9,30727,6298,64124,105,73,66,73,75,72,81,68,82,69,75,51,77,74,75,80
[1741791652.453221] [AOA] Measurement: 0,1741791652.421436,78:9a:18:7c:fa:69,2,1,2,2,128,389,279,34,70,22,962,868,592,418,916,300,874,354,897,539,183,484,1013,190,921,709,73,800,984,929,154,812,92,219,880,152,9,65,42023,0,17218,64,12898,16,302,56584,20495,39535,279,9,30727,6298,64124,105,73,66,73,75,72,81,68,82,69,75,51,77,74,75,80
[1741791652.536258] [AOA] Measurement: 0,1741791652.504669,78:9a:18:7c:fa:69,2,1,2,2,128,389,279,34,70,22,962,868,592,418,916,300,874,354,897,539,183,484,1013,190,921,709,73,800,984,929,154,812,92,219,880,152,9,65,42023,0,17218,64,12898,16,302,56584,20495,39535,279,9,30727,6298,64124,105,71,61,67,70,63,72,59,76,61,67,43,69,68,65,75
[1741791652.625050] [AOA] Measurement: 0,1741791652.580243,78:9a:18:7c:fa:69,2,1,2,2,128,389,279,34,70,22,962,868,592,418,916,300,874,354,897,539,183,484,1013,190,921,709,73,800,984,929,154,812,92,219,880,152,9,65,42023,0,17218,64,12898,16,302,56584,20495,39535,279,9,30727,6298,64124,105,73,66,73,75,72,81,68,82,69,75,51,77,74,75,80
[1741791652.700317] [AOA] Measurement: 0,1741791652.671227,78:9a:18:7c:fa:69,2,1,2,2,128,389,279,34,70,22,962,868,592,418,916,300,874,354,897,539,183,484,1013,190,921,709,73,800,984,929,154,812,92,219,880,152,9,82,80,81,84,72,77,55,75,78,71,80,78,82,74,81,76,70,72,65,73,74,68,80,64,82,69,73,51,76,74,74,79
[1741791652.770799] [AOA] Measurement: 0,1741791652.740342,78:9a:18:7c:fa:69,2,1,2,2,128,389,279,34,70,22,962,868,592,418,916,300,874,354,897,539,183,484,1013,190,921,709,73,800,984,929,154,812,92,219,880,152,9,65,42023,0,17218,64,12898,16,302,56584,20495,39535,279,9,30727,6298,64124,105,73,66,73,75,72,81,68,82,69,75,51,77,74,75,80
[1741791652.841121] [AOA] Measurement: 0,1741791652.811788,78:9a:18:7c:fa:69,2,1,2,2,128,389,279,34,70,22,962,868,592,418,916,300,874,354,897,539,183,484,1013,190,921,709,73,800,984,929,154,812,92,219,880,152,9,82,80,81,84,72,77,55,75,78,71,80,78,82,74,81,76,70,72,65,73,74,68,80,64,82,69,73,51,76,74,74,79
[1741791652.912990] [AOA] Measurement: 0,1741791652.881503,78:9a:18:7c:fa:69,2,1,2,2,128,389,279,34,70,22,962,868,592,418,916,300,874,354,897,539,183,484,1013,190,921,709,73,800,984,929,154,812,92,219,880,152,9,65,42023,0,17218,64,12898,16,302,56584,20495,39535,279,9,30727,6298,64124,105,73,66,73,75,72,81,68,82,69,75,51,77,74,75,80
[1741791652.995856] [AOA] Measurement: 0,1741791652.951440,78:9a:18:7c:fa:69,2,1,2,2,128,389,279,34,70,22,962,868,592,418,916,300,874,354,897,539,183,484,1013,190,921,709,73,800,984,929,154,812,92,219,880,152,9,65,42023,0,17218,64,12898,16,302,56584,20495,39535,279,9,30727,6298,64124,105,71,61,67,70,63,72,59,76,61,67,43,69,68,65,75
[1741791653.072661] [AOA] Measurement: 0,1741791653.041157,78:9a:18:7c:fa:69,2,1,2,2,128,389,279,34,70,22,962,868,592,418,916,300,874,354,897,539,183,484,1013,190,921,709,73,800,984,929,154,812,92,219,880,152,9,65,42023,0,17218,64,12898,16,302,56584,20495,39535,279,9,30727,6298,64124,105,73,66,73,75,72,81,68,82,69,75,51,77,74,75,80
[1741791653.140312] [AOA] Measurement: 0,1741791653.110332,78:9a:18:7c:fa:69,2,1,2,2,128,389,279,34,70,22,962,868,592,418,916,300,874,354,897,539,183,484,1013,190,921,709,73,800,984,929,154,812,92,219,880,152,9,65,42023,0,17218,64,12898,16,302,56584,20495,39535,279,9,30727,6298,64124,105,73,66,73,75,72,81,68,82,69,75,51,77,74,75,80
[1741791653.212902] [AOA] Measurement: 0,1741791653.181499,78:9a:18:7c:fa:69,2,1,2,2,128,389,279,34,70,22,962,868,592,418,916,300,874,354,897,539,183,484,1013,190,921,709,73,800,984,929,154,812,92,219,880,152,9,65,42023,0,17218,64,12898,16,302,56584,20495,39535,279,9,30727,6298,64124,105,71,61,67,70,63,72,59,76,61,67,43,69,68,65,75
[1741791653.291052] [AOA] Measurement: 0,1741791653.251495,78:9a:18:7c:fa:69,2,1,2,2,128,389,279,34,70,22,962,868,592,418,916,300,874,354,897,539,183,484,1013,190,921,709,73,800,984,929,154,812,92,219,880,152,9,65,42023,0,17218,64,12898,16,302,56584,20495,39535,279,9,30727,6298,64124,105,73,66,73,75,72,81,68,82,69,75,51,77,74,75,80
[1741791653.362895] [AOA] Measurement: 0,1741791653.331534,78:9a:18:7c:fa:69,2,1,2,2,128,389,279,34,70,22,962,868,592,418,916,300,874,354,897,539,183,484,1013,190,921,709,73,800,984,929,154,812,92,219,880,152,9,65,42023,0,17218,64,12898,16,302,56584,20495,39535,279,9,30727,6298,64124,105,71,61,67,70,63,72,59,76,61,67,43,69,68,65,75
[1741791653.430795] [AOA] Measurement: 0,1741791653.400326,78:9a:18:7c:fa:69,2,1,2,2,128,389,279,34,70,22,962,868,592,418,916,300,874,354,897,539,183,484,1013,190,921,709,73,800,984,929,154,812,92,219,880,152,9,65,42023,0,17218,64,12898,16,302,56584,20495,39535,279,9,30727,6298,64124,105,73,66,73,75,72,81,68,82,69,75,51,77,74,75,80
[1741791653.502939] [AOA] Measurement: 0,1741791653.471452,78:9a:18:7c:fa:69,2,1,2,2,128,389,279,34,70,22,962,868,592,418,916,300,874,354,897,539,183,484,1013,190,921,709,73,800,984,929,154,812,92,219,880,152,9,65,42023,0,17218,64,12898,16,302,56584,20495,39535,279,9,30727,6298,64124,105,71,61,67,70,63,72,59,76,61,67,43,69,68,65,75
[1741791653.573287] [AOA] Measurement: 0,1741791653.541443,78:9a:18:7c:fa:69,2,1,2,2,128,389,279,34,70,22,962,868,592,418,916,300,874,354,897,539,183,484,1013,190,921,709,73,800,984,929,154,812,92,219,880,152,9,65,42023,0,17218,64,12898,16,302,56584,20495,39535,279,9,30727,6298,64124,105,73,66,73,75,72,81,68,82,69,75,51,77,74,75,80
[1741791653.654168] [AOA] Measurement: 0,1741791653.610206,78:9a:18:7c:fa:69,2,1,2,2,128,389,279,34,70,22,962,868,592,418,916,300,874,354,897,539,183,484,1013,190,921,709,73,800,984,929,154,812,92,219,880,152,9,65,42023,0,17218,64,12898,16,302,56584,20495,39535,279,9,30727,6298,64124,105,71,61,67,70,63,72,59,76,61,67,43,69,68,65,75
[1741791653.720641] [AOA] Measurement: 0,1741791653.690265,78:9a:18:7c:fa:69,2,1,2,2,128,389,279,34,70,22,962,868,592,418,916,300,874,354,897,539,183,484,1013,190,921,709,73,800,984,929,154,812,92,219,880,152,9,65,42023,0,17218,64,12898,16,302,56584,20495,39535,279,9,30727,6298,64124,105,73,66,73,75,72,81,68,82,69,75,51,77,74,75,80
[1741791653.792993] [AOA] Measurement: 0,1741791653.761496,78:9a:18:7c:fa:69,2,1,2,2,128,389,279,34,70,22,962,868,592,418,916,300,874,354,897,539,183,484,1013,190,921,709,73,800,984,929,154,812,92,219,880,152,9,65,42023,0,17218,64,12898,16,302,56584,20495,39535,279,9,30727,6298,64124,105,71,61,67,70,63,72,59,76,61,67,43,69,68,65,75
[1741791653.871855] [AOA] Measurement: 0,1741791653.840323,78:9a:18:7c:fa:69,2,1,2,2,128,389,279,34,70,22,962,868,592,418,916,300,874,354,897,539,183,484,1013,190,921,709,73,800,984,929,154,812,92,219,880,152,9,65,42023,0,17218,64,12898,16,302,56584,20495,39535,279,9,30727,6298,64124,105,71,61,67,70,63,72,59,76,61,67,43,69,68,65,75
[1741791653.951079] [AOA] Measurement: 0,1741791653.924353,78:9a:18:7c:fa:69,2,1,2,2,128,389,279,34,70,22,962,868,592,418,916,300,874,354,897,539,183,484,1013,190,921,709,73,800,984,929,154,812,92,219,880,152,9,65,42023,0,17218,64,12898,16,302,56584,20495,39535,279,9,30727,6298,64124,105,73,66,73,75,72,81,68,82,69,75,51,77,74,75,80
[1741791654.024995] [AOA] Measurement: 0,1741791654.000320,78:9a:18:7c:fa:69,2,1,2,2,128,389,279,34,70,22,962,868,592,418,916,300,874,354,897,539,183,484,1013,190,921,709,73,800,984,929,154,812,92,219,880,152,9,65,42023,0,17218,64,12898,16,302,56584,20495,39535,279,9,30727,6298,64124,105,71,61,67,70,63,72,59,76,61,67,43,69,68,65,75
[1741791654.082194] [AOA] Measurement: 0,1741791654.060179,78:9a:18:7c:fa:69,2,1,2,2,128,389,279,34,70,22,962,868,592,418,916,300,874,354,897,539,183,484,1013,190,921,709,73,800,984,929,154,812,92,219,880,152,9,81,80,78,83,70,75,51,72,77,68,79,75,80,74,79,75,66,71,62,69,70,66,75,61,80,65,71,47,72,71,71,76
[1741791654.144898] [AOA] Measurement: 0,1741791654.120277,78:9a:18:7c:fa:69,2,1,2,2,128,389,279,34,70,22,962,868,592,418,916,300,874,354,897,539,183,484,1013,190,921,709,73,800,984,929,154,812,92,219,880,152,9,65,42023,0,17218,64,12898,16,302,56584,20495,39535,279,9,30727,6298,64124,105,71,61,67,70,63,72,59,76,61,67,43,69,68,65,75
[1741791654.202328] [AOA] Measurement: 0,1741791654.180201,78:9a:18:7c:fa:69,2,1,2,2,128,389,279,34,70,22,962,868,592,418,916,300,874,354,897,539,183,484,1013,190,921,709,73,800,984,929,154,812,92,219,880,152,9,81,80,78,83,70,75,51,72,77,68,79,75,80,74,79,75,66,71,62,69,70,66,75,61,80,65,71,47,72,71,71,76
[1741791654.270127] [AOA] Measurement: 0,1741791654.245369,78:9a:18:7c:fa:69,2,1,2,2,128,389,279,34,70,22,962,868,592,418,916,300,874,354,897,539,183,484,1013,190,921,709,73,800,984,929,154,812,92,219,880,152,9,65,42023,0,17218,64,12898,16,302,56584,20495,39535,279,9,30727,6298,64124,105,71,61,67,70,63,72,59,76,61,67,43,69,68,65,75
[1741791654.334831] [AOA] Measurement: 0,1741791654.310241,78:9a:18:7c:fa:69,2,1,2,2,128,389,279,34,70,22,962,868,592,418,916,300,874,354,897,539,183,484,1013,190,921,709,73,800,984,929,154,812,92,219,880,152,9,65,42023,0,17218,64,12898,16,302,56584,20495,39535,279,9,30727,6298,64124,105,73,66,73,75,72,81,68,82,69,75,51,77,74,75,80
